CatalogNumber	Latitude	Longitude
1	38.10695	26.85083
1035	37.42000	34.56800
1036	37.42000	34.56800
1037	37.42000	34.56800
1038	37.42000	34.56800
1039	37.42000	34.56800
104	37.07000	28.80000
1040	37.42000	34.56800
1041	37.42000	34.56800
1042	37.42000	34.56800
1043	37.42000	34.56800
1044	37.42000	34.56800
1045	37.42000	34.56800
1046	37.42000	34.56800
1047	37.42000	34.56800
1048	37.42000	34.56800
1049	37.42000	34.56800
105	37.07000	28.80000
1050	37.42000	34.56800
1051	37.42000	34.56800
1052	37.42000	34.56800
1054	37.42000	34.56800
1055	37.42000	34.56800
1056	37.42000	34.56800
1057	37.42000	34.56800
1058	37.42000	34.56800
1059	37.42000	34.56800
106	37.07000	28.80000
1060	37.42000	34.56800
1061	37.42000	34.56800
1062	37.42000	34.56800
1063	37.42000	34.56800
1065	37.42000	34.56800
1066	37.40400	34.55800
1067	37.40400	34.55800
1068	37.40400	34.55800
1069	37.40400	34.55800
107	37.07000	28.80000
1070	37.40400	34.55800
1071	37.40400	34.55800
1072	37.40400	34.55800
1073	37.40400	34.55800
1074	37.40400	34.55800
1075	37.40400	34.55800
1076	37.40400	34.55800
1077	37.40400	34.55800
1078	37.40400	34.55800
1079	37.40400	34.55800
108	37.07000	28.80000
1080	37.40400	34.55800
1081	37.40400	34.55800
1082	37.40400	34.55800
1083	37.40400	34.55800
1084	37.40400	34.55800
1085	37.40400	34.55800
1086	37.40400	34.55800
1087	37.40400	34.55800
1088	37.40400	34.55800
1089	37.40400	34.55800
109	37.07000	28.80000
1090	37.40400	34.55800
1091	37.40400	34.55800
1092	37.40400	34.55800
1093	37.40400	34.55800
1094	37.40400	34.55800
1095	37.40400	34.55800
1096	37.40400	34.55800
1097	37.40400	34.55800
1098	37.40400	34.55800
1099	37.40400	34.55800
11	37.04000	28.76500
1100	37.40400	34.55800
1101	37.40400	34.55800
1102	37.40400	34.55800
1103	37.40400	34.55800
1104	37.40400	34.55800
1105	37.40400	34.55800
1106	37.40400	34.55800
1107	37.40400	34.55800
1108	37.40400	34.55800
1109	37.40400	34.55800
110a	37.07000	28.80000
110b	37.07000	28.80000
111	37.07000	28.80000
1110	37.40400	34.55800
1111	37.40400	34.55800
1112	37.40400	34.55800
1113	37.40400	34.55800
1114	37.40400	34.55800
1115	37.40400	34.55800
1116	37.40400	34.55800
1117	37.40400	34.55800
1118	37.40400	34.55800
1119	37.40400	34.55800
112	37.07000	28.80000
1120	37.40400	34.55800
1121	37.40400	34.55800
1122	37.40400	34.55800
1123	37.40400	34.55800
1124	37.40400	34.55800
1125a	37.40400	34.55800
1125b	37.40400	34.55800
1126	37.40400	34.55800
1127	37.40400	34.55800
1128	37.42000	34.56800
1129	37.42000	34.56800
113	37.07000	28.80000
1130	37.42000	34.56800
1131	37.42000	34.56800
1132	37.42000	34.56800
1133	37.42000	34.56800
1134	37.42000	34.56800
1135	37.42000	34.56800
1136	37.42000	34.56800
1137	37.42000	34.56800
1138	37.42000	34.56800
1139	37.42000	34.56800
114	37.07000	28.80000
1140	37.42000	34.56800
1141	37.42000	34.56800
1142	37.42000	34.56800
1143	37.40400	34.55800
1144	37.40400	34.55800
1145	37.82980	35.12990
1146	37.82980	35.12990
1147	37.82980	35.12990
1148	37.82980	35.12990
1149	37.82980	35.12990
115	37.07000	28.80000
1150	37.82980	35.12990
1151	37.82980	35.12990
1152	37.82980	35.12990
1153	37.82800	35.13600
1154	37.82800	35.13600
1155	37.82800	35.13600
1156	37.82800	35.13600
1157	37.82800	35.13600
1158	37.82800	35.13600
1159	37.82800	35.13600
1160	37.82800	35.13600
1161	37.82800	35.13600
1162	37.82800	35.13600
1163a	37.82800	35.13600
1163b	37.82800	35.13600
1164	37.82800	35.13600
1165	37.82800	35.13600
1166	37.82800	35.13600
1167	37.82800	35.13600
1168	37.82800	35.13600
1169	37.82800	35.13600
1171	37.82800	35.13600
1171x114	37.82800	35.13600
1172	37.82800	35.13600
1173	37.82800	35.13600
1174	37.82800	35.13600
1175	37.82800	35.13600
1176	37.82800	35.13600
1176x113	37.82800	35.13600
1177	37.82800	35.13600
1178	37.82800	35.13600
1179	37.82800	35.13600
1180	37.82800	35.13600
1181	37.82800	35.13600
1182	37.82800	35.13600
1183	37.82800	35.13600
1184	37.82800	35.13600
1185a	37.82800	35.13600
1185b	37.82800	35.13600
1186	37.82800	35.13600
1187	37.82800	35.13600
1188	37.82800	35.13600
1189	37.82800	35.13600
1190	37.82800	35.13600
1191	37.82800	35.13600
1192	37.82800	35.13600
1193	37.82800	35.13600
1194	37.82800	35.13600
1195	37.82800	35.13600
1196	37.82800	35.13600
1197	37.82800	35.13600
1198	37.82800	35.13600
1199	37.82800	35.13600
120	36.56300	29.63000
1200	37.82800	35.13600
1201	37.82800	35.13600
1202	37.82800	35.13600
1203	37.82800	35.13600
1204	37.82800	35.13600
1205	37.82800	35.13600
1206	37.82800	35.13600
1207	37.82800	35.13600
1208	37.82980	35.12990
1209	37.82980	35.12990
120x1	36.56300	29.63000
121	36.56300	29.63000
1210	37.82980	35.12990
1211	37.82980	35.12990
1211x116	37.82980	35.12990
1212	37.82980	35.12990
1213	37.82980	35.12990
1214	37.82980	35.12990
1215	37.82980	35.12990
1216	37.82980	35.12990
1217	37.82980	35.12990
1217x117	37.82980	35.12990
1218	37.82980	35.12990
1218x117	37.82980	35.12990
1219	37.82980	35.12990
122	36.56300	29.63000
1220	37.82980	35.12990
1221	37.82980	35.12990
1222	37.82980	35.12990
1223	37.82980	35.12990
1223x116	37.82980	35.12990
1224	37.82980	35.12990
1225	37.82980	35.12990
1226	37.82980	35.12990
1227	37.82980	35.12990
1228	37.82980	35.12990
1229	37.82980	35.12990
1229x117	37.82980	35.12990
123	36.56300	29.63000
1230	37.82980	35.12990
1230x118	37.82980	35.12990
1231	37.82980	35.12990
1232	37.82980	35.12990
1233	37.82980	35.12990
1234	37.82980	35.12990
1235	37.82980	35.12990
1236	37.82980	35.12990
1237	37.82980	35.12990
1237x118	37.82980	35.12990
1238	37.82980	35.12990
1239	37.82980	35.12990
124	36.56300	29.63000
1240	37.82980	35.12990
1240x	37.82980	35.12990
1241	37.82980	35.12990
1242	37.82980	35.12990
1242x117	37.82980	35.12990
1243	37.82980	35.12990
1244	37.82980	35.12990
1245	37.82980	35.12990
1246	37.82980	35.12990
1247	37.82980	35.12990
1248	37.82980	35.12990
1249	37.82980	35.12990
125	36.56300	29.63000
1250	37.82980	35.12990
1251	37.82980	35.12990
1252	37.82980	35.12990
1253	37.82980	35.12990
126	36.56300	29.63000
1260	37.82980	35.12990
1261	37.82980	35.12990
1262	37.82980	35.12990
1262x118	37.82980	35.12990
1263	37.82980	35.12990
1264	37.82980	35.12990
1265	37.82980	35.12990
1266	37.82980	35.12990
1267	37.82980	35.12990
1268	37.82980	35.12990
1269	37.82980	35.12990
126x	36.55700	29.61400
126x15	36.60000	30.10000
126x25	36.53800	30.43200
126x8	36.56300	29.63000
127	36.56300	29.63000
1270	37.82980	35.12990
1271	37.82980	35.12990
1272	37.82980	35.12990
1273	37.82980	35.12990
1274	37.82980	35.12990
1275	37.82980	35.12990
1276	37.82980	35.12990
1277	37.82980	35.12990
1278	37.82980	35.12990
1279	37.82980	35.12990
128	36.56300	29.63000
1280	37.82980	35.12990
1281	37.82980	35.12990
1282	37.82980	35.12990
1283	37.82980	35.12990
129	36.56300	29.63000
130	36.56300	29.63000
1300	37.90000	35.15200
1301	37.90000	35.15200
1302	37.90000	35.15200
1303	37.90000	35.15200
1304	37.90000	35.15200
1305	37.90000	35.15200
1306	37.90000	35.15200
1307	37.90000	35.15200
1308	37.90000	35.15200
1309	37.90000	35.15200
131	36.56300	29.63000
1310	37.90000	35.15200
1311	37.90000	35.15200
1312	37.90000	35.15200
1313	37.90000	35.15200
1314	37.90000	35.15200
1315	37.90000	35.15200
1316	37.90000	35.15200
1317	37.90000	35.15200
1318a	37.90000	35.15200
1318b	37.90000	35.15200
1319	37.90000	35.15200
132	36.56300	29.63000
1320	37.90000	35.15200
1321	37.90000	35.15200
1322	37.90000	35.15200
1322x122	37.90000	35.15200
1323	37.90000	35.15200
1323x122	37.90000	35.15200
1324	37.90000	35.15200
1324x122	37.90000	35.15200
1325	37.90000	35.15200
1326	37.90000	35.15200
1327	37.90000	35.15200
1328	37.90000	35.15200
1329	37.90000	35.15200
133	36.56300	29.63000
1330	37.90000	35.15200
1331	37.90000	35.15200
1332	37.90000	35.15200
1333	37.90000	35.15200
1334	37.90000	35.15200
1335	37.90000	35.15200
1336	37.90000	35.15200
1337	37.90000	35.15200
1338	37.90000	35.15200
1339	37.90000	35.15200
133x20	36.60000	30.10000
134	36.56300	29.63000
1340	37.90000	35.15200
1341	37.90000	35.15200
1342	37.90000	35.15200
1343	37.82980	35.12990
1353	37.82980	35.12990
136	36.56300	29.63000
137	36.56300	29.63000
139	36.56300	29.63000
14	37.07000	28.80000
140	36.56300	29.63000
1400	37.82980	35.12990
1400x131	37.82980	35.12990
1401	37.82980	35.12990
1402	37.82980	35.12990
1403	37.82980	35.12990
1403x131	37.82980	35.12990
1404	37.82980	35.12990
1404x131	37.82980	35.12990
1405	37.82980	35.12990
1406	37.82980	35.12990
1406x135	37.82980	35.12990
1407	37.82980	35.12990
1407x133	37.82980	35.12990
1408	37.82980	35.12990
1409	37.82980	35.12990
141	36.56300	29.63000
1410	37.82980	35.12990
1411	37.82980	35.12990
1412	37.82980	35.12990
1413	37.82980	35.12990
1414	37.82980	35.12990
1414x131	37.82980	35.12990
1414x135	37.82980	35.12990
1415	37.82980	35.12990
1416	37.82980	35.12990
1417	37.82980	35.12990
1418	37.82980	35.12990
1419	37.82980	35.12990
142	36.56300	29.63000
1420	37.82980	35.12990
1421	37.82980	35.12990
1422	37.82980	35.12990
1422x132	37.82980	35.12990
1423	37.82980	35.12990
1424	37.82980	35.12990
1425	37.82980	35.12990
1426	37.82980	35.12990
1427	37.82980	35.12990
1427x135	37.82980	35.12990
1428	37.82980	35.12990
1429	37.82980	35.12990
143	36.56300	29.63000
1430	37.82980	35.12990
1431	37.82980	35.12990
1432	37.82980	35.12990
1433	37.76660	35.12540
1434	37.82980	35.12990
1435	37.82980	35.12990
1436	37.82980	35.12990
1437	37.82980	35.12990
1437x135	37.82980	35.12990
1438	37.82980	35.12990
1439	37.82980	35.12990
1439ax135	37.82980	35.12990
1439bx135	37.82980	35.12990
144	36.56300	29.63000
1440	37.82980	35.12990
1441	37.82980	35.12990
1442	37.82980	35.12990
1443	37.82980	35.12990
145	36.56300	29.63000
1450	37.76660	35.12540
1451	37.76660	35.12540
1452	37.76660	35.12540
1453	37.76660	35.12540
1454	37.76660	35.12540
1455	37.76660	35.12540
1456	37.76660	35.12540
1457	37.76660	35.12540
1458	37.76660	35.12540
1459	37.76660	35.12540
146	36.56300	29.63000
1460	37.76660	35.12540
1461	37.76660	35.12540
1462	37.76660	35.12540
1463	37.76660	35.12540
1464a	37.76660	35.12540
1464b	37.76660	35.12540
1465	37.76660	35.12540
1466	37.76660	35.12540
1467	37.76660	35.12540
1468	37.76660	35.12540
147	36.56300	29.63000
1470	37.76660	35.12540
1471	37.76660	35.12540
1472	37.76660	35.12540
1473	37.76660	35.12540
1474	37.76660	35.12540
1475	37.76660	35.12540
1476	37.76660	35.12540
1477	37.76660	35.12540
1478	37.76660	35.12540
1479	37.76660	35.12540
148	36.56300	29.63000
1480	37.76660	35.12540
1481	37.76660	35.12540
1482	37.76660	35.12540
1483	37.76660	35.12540
1484	37.76660	35.12540
1485	37.76660	35.12540
1486	37.76660	35.12540
1487	37.76660	35.12540
1488	37.76660	35.12540
1489	37.76660	35.12540
149	36.56300	29.63000
1490	37.76660	35.12540
1491	37.76660	35.12540
1492	37.76660	35.12540
1493	37.76660	35.12540
1494	37.76660	35.12540
1495	37.76660	35.12540
1496	37.76660	35.12540
1497	37.76660	35.12540
1498	37.76660	35.12540
1499	37.76660	35.12540
150	36.56300	29.63000
1500	37.76660	35.12540
1501	37.76660	35.12540
1502	37.82130	35.11050
1503	37.82130	35.11050
1504	37.82130	35.11050
1505	37.82130	35.11050
1506	37.82130	35.11050
1507	37.82130	35.11050
1508	37.82130	35.11050
1509	37.82130	35.11050
151	36.56300	29.63000
1510	37.82130	35.11050
1511	37.82130	35.11050
1512	37.82130	35.11050
1513	37.82130	35.11050
1514	37.82130	35.11050
1515	37.82130	35.11050
1516	37.82130	35.11050
1517	37.82130	35.11050
1518	37.82130	35.11050
1519	37.82130	35.11050
152	36.55700	29.61400
1520	37.82130	35.11050
1521	37.82130	35.11050
1522	37.82130	35.11050
1523	37.82130	35.11050
1524	37.82130	35.11050
1525	37.82130	35.11050
1526	37.82130	35.11050
1527	37.82130	35.11050
1528	37.80750	35.12310
1529	37.80750	35.12310
153	36.55700	29.61400
1530	37.80750	35.12310
1531	37.80750	35.12310
1532	37.80750	35.12310
1533	37.80750	35.12310
1534	37.80750	35.12310
1535	37.80750	35.12310
1536	37.80750	35.12310
1537	37.80750	35.12310
1538	37.80750	35.12310
1539	37.80750	35.12310
154	36.55700	29.61400
1540	37.80750	35.12310
1541	37.80750	35.12310
1542	37.80750	35.12310
1543	37.80750	35.12310
1544	37.80750	35.12310
155	36.55700	29.61400
156	36.55700	29.61400
157	36.55700	29.61400
158	36.55700	29.61400
159	36.55700	29.61400
161	36.55700	29.61400
162	36.55700	29.61400
162x1	36.56300	29.63000
162x16	36.60000	30.10000
163	36.55700	29.61400
164	36.55700	29.61400
165	36.55700	29.61400
166	36.55700	29.61400
167	36.55700	29.61400
168	36.55700	29.61400
169	36.55700	29.61400
17	37.07000	28.80000
170	36.55700	29.61400
171	36.55700	29.61400
172	36.55700	29.61400
173	36.55700	29.61400
174	36.55700	29.61400
175	36.55700	29.61400
1755	37.82980	35.12990
176	36.55700	29.61400
177	36.55700	29.61400
178	36.55700	29.61400
179	36.55700	29.61400
18	37.07000	28.80000
180	36.55700	29.61400
180x	36.55700	29.61400
181	36.55700	29.61400
182a	36.55700	29.61400
182b	36.55700	29.61400
183	36.55700	29.61400
184	36.55700	29.61400
185	36.55700	29.61400
186a	36.55700	29.61400
186b	36.55700	29.61400
187	36.55700	29.61400
188	36.55700	29.61400
189	36.55700	29.61400
190	36.55700	29.61400
191	36.55700	29.61400
192	36.55700	29.61400
192x1	36.56300	29.63000
193	36.55700	29.61400
194	36.55700	29.61400
195	36.55700	29.61400
196	36.55700	29.61400
197	36.55700	29.61400
198	36.55700	29.61400
198x	36.56300	29.63000
199	36.55700	29.61400
20	37.07000	28.80000
200	36.55700	29.61400
2001	37.68000	31.31000
2003	37.76660	35.12540
2004	37.42000	34.56800
2005	36.60000	30.10000
2009	36.82400	30.33700
201	36.55700	29.61400
2013	36.60000	30.10000
202	36.55700	29.61400
203	36.55700	29.61400
204	36.55700	29.61400
205	36.55700	29.61400
206	36.56300	29.63000
207	36.56300	29.63000
208	36.56300	29.63000
209	36.56300	29.63000
211	36.56300	29.63000
212	36.56300	29.63000
213	36.56300	29.63000
214	36.56300	29.63000
215	36.56300	29.63000
216	36.56300	29.63000
216x16	36.60000	30.10000
217	36.56300	29.63000
218	36.56300	29.63000
219	36.56300	29.63000
22	37.07000	28.80000
220	36.56300	29.63000
221	36.56300	29.63000
222	36.56300	29.63000
223	36.56300	29.63000
224	36.56300	29.63000
225	36.56300	29.63000
226	36.56300	29.63000
227	36.56300	29.63000
228	36.56300	29.63000
229	36.56300	29.63000
230	36.56300	29.63000
231	36.56300	29.63000
232	36.56300	29.63000
233	36.60000	30.10000
234	36.60000	30.10000
234x	36.60000	30.10000
235	36.60000	30.10000
236	36.60000	30.10000
237	36.60000	30.10000
237x17	36.60000	30.10000
238	36.60000	30.10000
238x16	36.60000	30.10000
238x17	36.60000	30.10000
238x19	36.60000	30.10000
239	36.60000	30.10000
240	36.60000	30.10000
240x16	36.60000	30.10000
240x19	36.60000	30.10000
241	36.60000	30.10000
241x17	36.60000	30.10000
242	36.60000	30.10000
242x17	36.60000	30.10000
243	36.60000	30.10000
243x19	36.60000	30.10000
244	36.60000	30.10000
245a	36.60000	30.10000
245b	36.60000	30.10000
246	36.60000	30.10000
246x16	36.60000	30.10000
247	36.60000	30.10000
248	36.60000	30.10000
248x20	36.60000	30.10000
249	36.60000	30.10000
249x16	36.60000	30.10000
25	37.07000	28.80000
250	36.60000	30.10000
250x19	36.60000	30.10000
251	36.60000	30.10000
252	36.60000	30.10000
253	36.60000	30.10000
254	36.60000	30.10000
254x19	36.60000	30.10000
254x20	36.60000	30.10000
255	36.60000	30.10000
256	36.60000	30.10000
257	36.60000	30.10000
258	36.60000	30.10000
259	36.60000	30.10000
26	37.07000	28.80000
260	36.60000	30.10000
261	36.60000	30.10000
262	36.60000	30.10000
263	36.60000	30.10000
264	36.60000	30.10000
264x19	36.60000	30.10000
265	36.60000	30.10000
266	36.60000	30.10000
267	36.60000	30.10000
268	36.60000	30.10000
269	36.60000	30.10000
27	37.07000	28.80000
270	36.60000	30.10000
271	36.60000	30.10000
271x21	36.60000	30.10000
272	36.60000	30.10000
273	36.60000	30.10000
274	36.60000	30.10000
274x17	36.60000	30.10000
274x19	36.60000	30.10000
275	36.60000	30.10000
276	36.60000	30.10000
277	36.60000	30.10000
278	36.60000	30.10000
279	36.60000	30.10000
28	37.07000	28.80000
280	36.60000	30.10000
282	36.60000	30.10000
283	36.60000	30.10000
285	36.60000	30.10000
286	36.60000	30.10000
287	36.60000	30.10000
287x24	36.53800	30.43200
288	36.60000	30.10000
289	36.60000	30.10000
291	36.60000	30.10000
292	36.60000	30.10000
292x24	36.53800	30.43200
293	36.60000	30.10000
294	36.60000	30.10000
296	36.60000	30.10000
298	36.60000	30.10000
299	36.60000	30.10000
300	36.60000	30.10000
301	36.60000	30.10000
302	36.60000	30.10000
303	36.60000	30.10000
304	36.60000	30.10000
305	36.60000	30.10000
306	36.60000	30.10000
307	36.60000	30.10000
308	36.60000	30.10000
309	36.60000	30.10000
31	37.07000	28.80000
310	36.60000	30.10000
311	36.60000	30.10000
312	36.60000	30.10000
313	36.60000	30.10000
314	36.60000	30.10000
315	36.60000	30.10000
316a	36.60000	30.10000
316b	36.60000	30.10000
317	36.60000	30.10000
318	36.60000	30.10000
319	36.60000	30.10000
320	36.60000	30.10000
321	36.60000	30.10000
322	36.60000	30.10000
323	36.60000	30.10000
324	36.60000	30.10000
325	36.60000	30.10000
326	36.53800	30.43200
327	36.53800	30.43200
328	36.53800	30.43200
329	36.53800	30.43200
330	36.53800	30.43200
331	36.53800	30.43200
332	36.53800	30.43200
333	36.53800	30.43200
334	36.53800	30.43200
336	36.53800	30.43200
337	36.53800	30.43200
338	36.53800	30.43200
339	36.53800	30.43200
339x24	36.53800	30.43200
340	36.53800	30.43200
341	36.53800	30.43200
342	36.53800	30.43200
343	36.53800	30.43200
344	36.53800	30.43200
345a	36.53800	30.43200
345b	36.53800	30.43200
346	36.53800	30.43200
347	36.53800	30.43200
348	36.53800	30.43200
349a	36.53800	30.43200
349b	36.53800	30.43200
35	37.07000	28.80000
350	36.53800	30.43200
351	36.53800	30.43200
352	36.53800	30.43200
353	36.53800	30.43200
354	36.53800	30.43200
355	36.53800	30.43200
356	36.53800	30.43200
357	36.53800	30.43200
358	36.53800	30.43200
359	36.53800	30.43200
36	37.07000	28.80000
360	36.53800	30.43200
361	36.53800	30.43200
362	36.53800	30.43200
363	36.53800	30.43200
364	36.53800	30.43200
365	36.53800	30.43200
366	36.53800	30.43200
367	36.53800	30.43200
368	36.53800	30.43200
369	36.53800	30.43200
370	36.53800	30.43200
371	36.82400	30.33700
371x26	36.53800	30.43200
372	36.82400	30.33700
373a	36.82400	30.33700
373b	36.82400	30.33700
374a	36.82400	30.33700
374b	36.82400	30.33700
375	36.82400	30.33700
376	36.82400	30.33700
377	36.82400	30.33700
378	36.82400	30.33700
379	36.82400	30.33700
38	37.07000	28.80000
380	36.82400	30.33700
381	36.82400	30.33700
382	36.82400	30.33700
383	36.82400	30.33700
384	36.82400	30.33700
385	36.82400	30.33700
386	36.82400	30.33700
387	36.82400	30.33700
388	36.82400	30.33700
389	36.82400	30.33700
390	36.82400	30.33700
391	36.82400	30.33700
392	36.82400	30.33700
393	36.82400	30.33700
394	36.82400	30.33700
395	36.82400	30.33700
395x31	36.82400	30.33700
396	36.82400	30.33700
397	36.82400	30.33700
397x31	36.82400	30.33700
398	36.82400	30.33700
399	36.82400	30.33700
4	37.02500	28.48200
400	36.82400	30.33700
401	36.82400	30.33700
402	36.82400	30.33700
403	36.82400	30.33700
404	36.82400	30.33700
405	36.82400	30.33700
406	36.82400	30.33700
407	36.82400	30.33700
408	36.82400	30.33700
409	36.82400	30.33700
410	36.82400	30.33700
411	36.82400	30.33700
412	36.82400	30.33700
413	36.82400	30.33700
414	36.82400	30.33700
415	36.82400	30.33700
416	36.82400	30.33700
417	36.82400	30.33700
418	36.82400	30.33700
419	36.82400	30.33700
42	37.07000	28.80000
420	36.82400	30.33700
421	36.82400	30.33700
422	36.82400	30.33700
423	36.82400	30.33700
424	36.82400	30.33700
424x33	36.82400	30.33700
424x34	36.82400	30.33700
425	36.82400	30.33700
426	36.82400	30.33700
427	36.82400	30.33700
428	36.82400	30.33700
429	36.82400	30.33700
430	36.82400	30.33700
431	36.82400	30.33700
431x41	36.82400	30.33700
432	36.82400	30.33700
433	36.82400	30.33700
434	36.82400	30.33700
435	36.82400	30.33700
436	36.82400	30.33700
437	36.82400	30.33700
437x46	36.82400	30.33700
438	36.82400	30.33700
439	36.82400	30.33700
440	36.82400	30.33700
441	36.82400	30.33700
442	36.82400	30.33700
443	36.82400	30.33700
444	36.82400	30.33700
445	36.82400	30.33700
446	36.82400	30.33700
447	36.82400	30.33700
448	36.82400	30.33700
449	36.82400	30.33700
45	37.07000	28.80000
450	36.82400	30.33700
451	36.82400	30.33700
452	36.82400	30.33700
453	36.82400	30.33700
454	36.82400	30.33700
455	36.82400	30.33700
456	36.82400	30.33700
457	36.82400	30.33700
458	36.82400	30.33700
459	36.82400	30.33700
459x45	36.82400	30.33700
460	36.82400	30.33700
461	36.82400	30.33700
461x46	36.82400	30.33700
462	36.82400	30.33700
462x46	36.82400	30.33700
463	36.82400	30.33700
464a	36.82400	30.33700
464b	36.82400	30.33700
465	36.82400	30.33700
466	36.82400	30.33700
467	36.82400	30.33700
468	36.82400	30.33700
469	36.82400	30.33700
469x44	36.82400	30.33700
469x45	36.82400	30.33700
470	36.82400	30.33700
471	36.82400	30.33700
472	36.82400	30.33700
473	36.82400	30.33700
474	36.82400	30.33700
475a	36.82400	30.33700
475b	36.82400	30.33700
475c	36.82400	30.33700
476	36.82400	30.33700
477	36.82400	30.33700
478	36.82400	30.33700
479	36.82400	30.33700
48	37.07000	28.80000
480	36.82400	30.33700
481	36.82400	30.33700
482	36.82400	30.33700
483	36.82400	30.33700
484	36.82400	30.33700
485	36.82400	30.33700
486	36.82400	30.33700
487	36.82400	30.33700
488	36.82400	30.33700
489	36.82400	30.33700
490	36.82400	30.33700
491	36.82400	30.33700
492	36.82400	30.33700
493	36.82400	30.33700
494	36.82400	30.33700
495	36.82400	30.33700
497	36.82400	30.33700
498	36.82400	30.33700
499	36.82400	30.33700
500	36.82400	30.33700
501	36.82400	30.33700
503	36.82400	30.33700
504	36.82400	30.33700
505	36.82400	30.33700
506	36.82400	30.33700
507	36.82400	30.33700
508a	36.82400	30.33700
508b	36.82400	30.33700
509	36.82400	30.33700
51	37.07000	28.80000
510	36.82400	30.33700
511	36.82400	30.33700
512	36.82400	30.33700
513	36.82400	30.33700
514	36.82400	30.33700
515	36.82400	30.33700
516	37.68000	31.31000
517	37.68000	31.31000
518	37.68000	31.31000
519	37.68000	31.31000
52	37.07000	28.80000
520	37.68000	31.31000
521	37.68000	31.31000
522	37.68000	31.31000
523	37.68000	31.31000
524	37.68000	31.31000
525	37.68000	31.31000
526	37.68000	31.31000
527	37.68000	31.31000
528	37.68000	31.31000
529	37.68000	31.31000
530	37.68000	31.31000
531	37.68000	31.31000
532	37.68000	31.31000
532x56	37.68000	31.31000
533	37.68000	31.31000
534	37.68000	31.31000
535	37.68000	31.31000
536	37.68000	31.31000
536x57	37.68000	31.31000
537	37.68000	31.31000
538	37.68000	31.31000
539	37.68000	31.31000
539x56	37.68000	31.31000
540	37.68000	31.31000
541	37.68000	31.31000
542	37.68000	31.31000
543	37.68000	31.31000
544	37.68000	31.31000
545	37.68000	31.31000
546	37.68000	31.31000
547	37.68000	31.31000
547x56	37.68000	31.31000
548	37.68000	31.31000
549	37.68000	31.31000
550	37.68000	31.31000
551	37.68000	31.31000
552	37.68000	31.31000
553a	37.68000	31.31000
553b	37.68000	31.31000
554	37.68000	31.31000
555	37.68000	31.31000
556	37.68000	31.31000
557	37.68000	31.31000
558	37.68000	31.31000
559	37.68000	31.31000
560	37.68000	31.31000
561	37.68000	31.31000
562	37.68000	31.31000
562x	37.68000	31.31000
563	37.68000	31.31000
564	37.68000	31.31000
565	37.68000	31.31000
566	37.68000	31.31000
567	37.68000	31.31000
568	37.68000	31.31000
569	37.68000	31.31000
570	37.68000	31.31000
571	37.68000	31.31000
572	37.68000	31.31000
573	37.68000	31.31000
574	37.68000	31.31000
575	37.68000	31.31000
576	37.68000	31.31000
577	37.68000	31.31000
578	37.68000	31.31000
579	37.68000	31.31000
58	37.07000	28.80000
580	37.68000	31.31000
581	37.68000	31.31000
582	37.68000	31.31000
583	37.68000	31.31000
584	37.68000	31.31000
585a	37.68000	31.31000
585b	37.68000	31.31000
586	37.68000	31.31000
587	37.68000	31.31000
588	37.68000	31.31000
589	36.82400	30.33700
590	37.68000	31.31000
591	37.68000	31.31000
592	37.68000	31.31000
593	37.68000	31.31000
594	37.68000	31.31000
595	37.68000	31.31000
596	37.68000	31.31000
597	37.68000	31.31000
598	37.68000	31.31000
599	37.68000	31.31000
60	37.07000	28.80000
600	37.68000	31.31000
601	37.68000	31.31000
602	37.68000	31.31000
603	37.68000	31.31000
604	37.68000	31.31000
604x60	37.68000	31.31000
605	37.68000	31.31000
606	37.68000	31.31000
607	37.68000	31.31000
608	37.68000	31.31000
609	37.68000	31.31000
610	37.68000	31.31000
611	37.68000	31.31000
612	37.68000	31.31000
613	37.68000	31.31000
614	37.68000	31.31000
615	37.68000	31.31000
616	37.68000	31.31000
617	37.68000	31.31000
618	37.68000	31.31000
619	37.68000	31.31000
620	37.68000	31.31000
621	37.68000	31.31000
622	37.68000	31.31000
623	37.68000	31.31000
624	37.68000	31.31000
625	37.68000	31.31000
626	37.68000	31.31000
627	37.68000	31.31000
628	37.68000	31.31000
629	37.68000	31.31000
630	37.68000	31.31000
631	37.68000	31.31000
632	37.68000	31.31000
633	37.68000	31.31000
634	37.68000	31.31000
635	37.68000	31.31000
636	37.68000	31.31000
640	37.68000	31.31000
641	36.83300	32.14700
642	36.83300	32.14700
643	36.83300	32.14700
644	36.83300	32.14700
645	36.83300	32.14700
646	36.83300	32.14700
647	36.83300	32.14700
648	36.83300	32.14700
649	36.83300	32.14700
65	37.07000	28.80000
650	36.83300	32.14700
651	36.83300	32.14700
652	36.83300	32.14700
652x66	36.83300	32.14700
653	36.83300	32.14700
654	36.83300	32.14700
655	36.83300	32.14700
656	36.83300	32.14700
657	36.83300	32.14700
658	36.83300	32.14700
659	36.83300	32.14700
660	36.83300	32.14700
661	36.83300	32.14700
662	36.83300	32.14700
663	36.83300	32.14700
664	36.83300	32.14700
665	36.83300	32.14700
666	36.83300	32.14700
667a	36.83300	32.14700
667b	36.83300	32.14700
668	36.83300	32.14700
669a	36.83300	32.14700
669b	36.83300	32.14700
669x67	36.83300	32.14700
67	37.07000	28.80000
670	36.83300	32.14700
671	36.83300	32.14700
672	36.83300	32.14700
673	36.83300	32.14700
673x67	36.83300	32.14700
674	36.83300	32.14700
675	36.83300	32.14700
676	36.83300	32.14700
677	36.83300	32.14700
678	36.83300	32.14700
679	36.83300	32.14700
680	36.83300	32.14700
681	36.83300	32.14700
682	36.83300	32.14700
683	36.83300	32.14700
684	36.83300	32.14700
685	36.83300	32.14700
686	36.83300	32.14700
687	36.83300	32.14700
688	36.83300	32.14700
689	36.83300	32.14700
69	37.07000	28.80000
690	36.83300	32.14700
691	36.83300	32.14700
692	36.83300	32.14700
693	36.83300	32.14700
694	36.83300	32.14700
695	36.83300	32.14700
696	36.83300	32.14700
697a	36.83300	32.14700
697b	36.83300	32.14700
698	36.83300	32.14700
699	36.83300	32.14700
70	37.07000	28.80000
700	36.83300	32.14700
701	36.83300	32.14700
702	36.83300	32.14700
703	36.83300	32.14700
704	36.83300	32.14700
705	36.83300	32.14700
706	36.80800	32.19600
707	36.80800	32.19600
708	36.80800	32.19600
709	36.80800	32.19600
71	37.07000	28.80000
710	36.80800	32.19600
711	36.80800	32.19600
712	36.80800	32.19600
713	36.80800	32.19600
714	36.80800	32.19600
715	36.80800	32.19600
716	36.80800	32.19600
717	36.80800	32.19600
718	36.80800	32.19600
718x72	36.80800	32.19600
719	36.80800	32.19600
719x72	36.80800	32.19600
72	37.07000	28.80000
720	36.80800	32.19600
721	36.80800	32.19600
722	36.80800	32.19600
723	36.80800	32.19600
724	36.80800	32.19600
725	36.80800	32.19600
726	36.80800	32.19600
727	36.80800	32.19600
728	36.80800	32.19600
729	36.80800	32.19600
73	37.07000	28.80000
731	36.80800	32.19600
732	36.80800	32.19600
733a	36.80800	32.19600
733b	36.80800	32.19600
733c	36.80800	32.19600
734	36.80800	32.19600
735	36.80800	32.19600
736	36.80800	32.19600
737	36.80800	32.19600
738a	36.80800	32.19600
738b	36.80800	32.19600
739	36.80800	32.19600
74	37.07000	28.80000
740	36.80800	32.19600
741	36.80800	32.19600
742	36.80800	32.19600
743	36.80800	32.19600
744	36.80800	32.19600
745	36.80800	32.19600
746	36.80800	32.19600
747	36.80800	32.19600
748	36.80800	32.19600
749	36.80800	32.19600
75	37.07000	28.80000
750	36.80800	32.19600
751	36.80800	32.19600
752	36.67000	32.87000
753	36.67000	32.87000
754	36.67000	32.87000
755	36.67000	32.87000
756	36.67000	32.87000
757	36.67000	32.87000
758	36.67000	32.87000
759	36.67000	32.87000
76	37.07000	28.80000
760	36.67000	32.87000
761	36.67000	32.87000
762	36.67000	32.87000
763	36.67000	32.87000
764a	36.67000	32.87000
764b	36.67000	32.87000
765	36.67000	32.87000
766	36.67000	32.87000
767a	36.67000	32.87000
767b	36.67000	32.87000
768	36.67000	32.87000
769	36.67000	32.87000
769x76	36.67000	32.87000
77	37.07000	28.80000
770	36.67000	32.87000
771	36.67000	32.87000
772	36.67000	32.87000
773	36.67000	32.87000
774	36.67000	32.87000
775	36.67000	32.87000
776	36.67000	32.87000
776x76	36.67000	32.87000
777	36.67000	32.87000
777x76	36.67000	32.87000
778	36.67000	32.87000
778x76	36.67000	32.87000
779	36.67000	32.87000
779x76	36.67000	32.87000
78	37.07000	28.80000
780	36.67000	32.87000
781	36.67000	32.87000
782	36.67000	32.87000
783	36.67000	32.87000
784	36.67000	32.87000
785	36.67000	32.87000
786	36.67000	32.87000
787	36.67000	32.87000
787x76	36.67000	32.87000
788	36.67000	32.87000
789	36.67000	32.87000
79	37.07000	28.80000
790	36.67000	32.87000
791	36.67000	32.87000
792	36.67000	32.87000
793	36.67000	32.87000
794	36.67000	32.87000
795	36.67000	32.87000
796	36.67000	32.87000
797	36.67000	32.87000
798	37.40400	34.55800
799	37.40400	34.55800
799x86	37.39700	34.58400
8	37.07000	28.80000
80	37.07000	28.80000
800	37.40400	34.55800
801	37.40400	34.55800
802	37.40400	34.55800
802x80	37.39700	34.58400
803	37.40400	34.55800
804	37.40400	34.55800
805	37.40400	34.55800
806	37.40400	34.55800
807	37.40400	34.55800
808	37.40400	34.55800
809	37.40400	34.55800
81	37.07000	28.80000
810	37.40400	34.55800
811	37.40400	34.55800
812	37.40400	34.55800
813	37.40400	34.55800
814	37.40400	34.55800
814x80	37.39700	34.58400
815	37.40400	34.55800
816	37.40400	34.55800
816x80	37.39700	34.58400
817	37.40400	34.55800
818	37.40400	34.55800
819	37.40400	34.55800
819x84	37.40400	34.55800
82	37.07000	28.80000
820	37.40400	34.55800
820x79	37.40400	34.55800
821	37.40400	34.55800
822	37.40400	34.55800
823	37.40400	34.55800
824	37.40400	34.55800
825	37.40400	34.55800
826	37.40400	34.55800
827	37.40400	34.55800
828	37.40400	34.55800
829	37.40400	34.55800
83	37.07000	28.80000
830	37.40400	34.55800
831	37.40400	34.55800
832	37.40400	34.55800
833	37.40400	34.55800
834	37.40400	34.55800
835	37.40400	34.55800
836	37.40400	34.55800
837	37.40000	34.57000
838	37.40000	34.57000
839	37.40000	34.57000
839x91	37.42000	34.56800
84	37.07000	28.80000
840	37.40000	34.57000
841	37.40000	34.57000
842	37.40000	34.57000
843	37.39700	34.58400
844	37.39700	34.58400
844x84	37.40400	34.55800
845	37.39700	34.58400
846a	37.39700	34.58400
846b	37.39700	34.58400
847	37.39700	34.58400
847x83	37.39700	34.58400
848	37.39700	34.58400
849	37.39700	34.58400
850	37.39700	34.58400
851	37.39700	34.58400
852	37.39700	34.58400
853	37.39700	34.58400
854	37.39700	34.58400
855	37.39700	34.58400
857	37.39700	34.58400
858a	37.39700	34.58400
858b	37.39700	34.58400
859	37.39700	34.58400
85a	37.07000	28.80000
85b	37.07000	28.80000
86	37.07000	28.80000
860	37.39700	34.58400
860x88	37.39700	34.58400
861	37.39700	34.58400
861x86	37.39700	34.58400
862	37.39700	34.58400
863	37.39700	34.58400
864	37.39700	34.58400
865	37.39700	34.58400
866	37.39700	34.58400
867	37.40400	34.55800
868	37.40400	34.55800
869	37.40400	34.55800
87	37.07000	28.80000
870	37.40400	34.55800
871	37.40400	34.55800
872	37.39700	34.58400
873	37.39700	34.58400
874	37.39700	34.58400
875	37.39700	34.58400
876	37.39700	34.58400
877	37.39700	34.58400
878	37.39700	34.58400
879	37.39700	34.58400
88	37.07000	28.80000
880	37.39700	34.58400
881	37.39700	34.58400
882	37.39700	34.58400
883	37.39700	34.58400
884	37.39700	34.58400
885	37.39700	34.58400
886	37.39700	34.58400
887	37.39700	34.58400
888	37.39700	34.58400
889	37.39700	34.58400
89	37.07000	28.80000
890	37.39700	34.58400
891	37.39700	34.58400
892	37.39700	34.58400
893	37.39700	34.58400
894	37.39700	34.58400
895	37.39700	34.58400
896	37.39700	34.58400
897	37.39700	34.58400
898	37.39700	34.58400
899	37.39700	34.58400
9	37.07000	28.80000
90	37.07000	28.80000
900	37.39700	34.58400
901	37.39700	34.58400
902	37.39700	34.58400
903	37.39700	34.58400
904	37.39700	34.58400
905	37.39700	34.58400
906	37.39700	34.58400
907	37.39700	34.58400
908	37.39700	34.58400
909	37.39700	34.58400
91	37.07000	28.80000
910	37.42000	34.56800
911	37.42000	34.56800
912	37.42000	34.56800
913	37.42000	34.56800
914	37.42000	34.56800
915	37.42000	34.56800
916	37.42000	34.56800
917	37.42000	34.56800
918	37.42000	34.56800
919	37.42000	34.56800
919x93	37.42000	34.56800
92	37.07000	28.80000
920	37.42000	34.56800
921	37.42000	34.56800
922	37.42000	34.56800
923	37.42000	34.56800
924	37.42000	34.56800
925	37.42000	34.56800
926	37.42000	34.56800
928	37.42000	34.56800
929	37.42000	34.56800
93	37.07000	28.80000
930	37.42000	34.56800
931	37.42000	34.56800
932	37.42000	34.56800
933	37.42000	34.56800
934	37.42000	34.56800
935	37.42000	34.56800
936	37.42000	34.56800
937	37.42000	34.56800
938	37.42000	34.56800
939	37.42000	34.56800
94	37.07000	28.80000
940	37.42000	34.56800
941	37.42000	34.56800
942	37.42000	34.56800
943	37.42000	34.56800
943x94	37.42000	34.56800
944	37.42000	34.56800
945	37.42000	34.56800
946	37.42000	34.56800
947	37.42000	34.56800
948	37.42000	34.56800
949	37.42000	34.56800
95	37.07000	28.80000
950	37.42000	34.56800
951	37.42000	34.56800
952	37.42000	34.56800
952x93	37.42000	34.56800
953	37.42000	34.56800
954	37.42000	34.56800
955	37.42000	34.56800
956	37.42000	34.56800
957	37.42000	34.56800
958	37.42000	34.56800
959	37.42000	34.56800
960	37.42000	34.56800
961	37.42000	34.56800
962	37.42000	34.56800
963	37.42000	34.56800
964	37.42000	34.56800
965	37.42000	34.56800
966	37.42000	34.56800
967	37.42000	34.56800
968	37.42000	34.56800
969	37.42000	34.56800
96a	37.07000	28.80000
96b	37.07000	28.80000
97	37.07000	28.80000
970	37.42000	34.56800
971	37.42000	34.56800
973	37.42000	34.56800
974	37.42000	34.56800
975	37.42000	34.56800
976	37.42000	34.56800
977	37.42000	34.56800
978	37.42000	34.56800
979	37.42000	34.56800
CatalogNumber	Latitude	Longitude
98	37.07000	28.80000
980	37.42000	34.56800
981	37.42000	34.56800
982	37.42000	34.56800
983	37.42000	34.56800
984	37.42000	34.56800
985	37.42000	34.56800
986	37.42000	34.56800
987	37.42000	34.56800
988	37.42000	34.56800
989	37.42000	34.56800
99	37.07000	28.80000
990	37.42000	34.56800
991	37.42000	34.56800
992	37.42000	34.56800
993	37.42000	34.56800
994	37.42000	34.56800
995	37.42000	34.56800
996	37.42000	34.56800
997	37.42000	34.56800
998	37.42000	34.56800
999	37.42000	34.56800
100	37.07000	28.80000
1000	37.42000	34.56800
1001	37.42000	34.56800
1002	37.42000	34.56800
1003	37.42000	34.56800
1004	37.42000	34.56800
1005	37.42000	34.56800
1006	37.42000	34.56800
1007	37.42000	34.56800
1008	37.42000	34.56800
1009	37.42000	34.56800
101	37.07000	28.80000
1010	37.42000	34.56800
1011	37.42000	34.56800
1012	37.42000	34.56800
1013	37.42000	34.56800
1014	37.42000	34.56800
1015	37.42000	34.56800
1016	37.42000	34.56800
1017	37.42000	34.56800
1018	37.42000	34.56800
1019	37.42000	34.56800
102	37.07000	28.80000
1020	37.42000	34.56800
1021	37.42000	34.56800
1022	37.42000	34.56800
1023	37.42000	34.56800
1024	37.42000	34.56800
1025	37.42000	34.56800
103	37.07000	28.80000
1030	37.42000	34.56800
1031	37.42000	34.56800
1032	37.42000	34.56800
1033	37.42000	34.56800
1034	37.42000	34.56800
1034x95	37.42000	34.56800
