ipt:coreid	DecimalLatitude	GeodeticDatum	CoordinateUncertaintyInMeters	DecimalLongitude
6500	38.10695	WGS84	1000	26.85083
6501	37.42000	WGS84	1000	34.56800
6502	37.42000	WGS84	1000	34.56800
6503	37.42000	WGS84	1000	34.56800
6504	37.42000	WGS84	1000	34.56800
6505	37.42000	WGS84	1000	34.56800
6506	37.07000	WGS84	1000	28.80000
6507	37.42000	WGS84	1000	34.56800
6508	37.42000	WGS84	1000	34.56800
6509	37.42000	WGS84	1000	34.56800
6510	37.42000	WGS84	1000	34.56800
6511	37.42000	WGS84	1000	34.56800
6512	37.42000	WGS84	1000	34.56800
6513	37.42000	WGS84	1000	34.56800
6514	37.42000	WGS84	1000	34.56800
6515	37.42000	WGS84	1000	34.56800
6516	37.42000	WGS84	1000	34.56800
6517	37.07000	WGS84	1000	28.80000
6518	37.42000	WGS84	1000	34.56800
6519	37.42000	WGS84	1000	34.56800
6520	37.42000	WGS84	1000	34.56800
6521	37.42000	WGS84	1000	34.56800
6522	37.42000	WGS84	1000	34.56800
6523	37.42000	WGS84	1000	34.56800
6524	37.42000	WGS84	1000	34.56800
6525	37.42000	WGS84	1000	34.56800
6526	37.42000	WGS84	1000	34.56800
6527	37.07000	WGS84	1000	28.80000
6528	37.42000	WGS84	1000	34.56800
6529	37.42000	WGS84	1000	34.56800
6530	37.42000	WGS84	1000	34.56800
6531	37.42000	WGS84	1000	34.56800
6532	37.42000	WGS84	1000	34.56800
6533	37.40400	WGS84	1000	34.55800
6534	37.40400	WGS84	1000	34.55800
6535	37.40400	WGS84	1000	34.55800
6536	37.40400	WGS84	1000	34.55800
6537	37.07000	WGS84	1000	28.80000
6538	37.40400	WGS84	1000	34.55800
6539	37.40400	WGS84	1000	34.55800
6540	37.40400	WGS84	1000	34.55800
6541	37.40400	WGS84	1000	34.55800
6542	37.40400	WGS84	1000	34.55800
6543	37.40400	WGS84	1000	34.55800
6544	37.40400	WGS84	1000	34.55800
6545	37.40400	WGS84	1000	34.55800
6546	37.40400	WGS84	1000	34.55800
6547	37.40400	WGS84	1000	34.55800
6548	37.07000	WGS84	1000	28.80000
6549	37.40400	WGS84	1000	34.55800
6550	37.40400	WGS84	1000	34.55800
6551	37.40400	WGS84	1000	34.55800
6552	37.40400	WGS84	1000	34.55800
6553	37.40400	WGS84	1000	34.55800
6554	37.40400	WGS84	1000	34.55800
6555	37.40400	WGS84	1000	34.55800
6556	37.40400	WGS84	1000	34.55800
6557	37.40400	WGS84	1000	34.55800
6558	37.40400	WGS84	1000	34.55800
6559	37.07000	WGS84	1000	28.80000
6560	37.40400	WGS84	1000	34.55800
6561	37.40400	WGS84	1000	34.55800
6562	37.40400	WGS84	1000	34.55800
6563	37.40400	WGS84	1000	34.55800
6564	37.40400	WGS84	1000	34.55800
6565	37.40400	WGS84	1000	34.55800
6566	37.40400	WGS84	1000	34.55800
6567	37.40400	WGS84	1000	34.55800
6568	37.40400	WGS84	1000	34.55800
6569	37.40400	WGS84	1000	34.55800
6570	37.04000	WGS84	1000	28.76500
6571	37.40400	WGS84	1000	34.55800
6572	37.40400	WGS84	1000	34.55800
6573	37.40400	WGS84	1000	34.55800
6574	37.40400	WGS84	1000	34.55800
6575	37.40400	WGS84	1000	34.55800
6576	37.40400	WGS84	1000	34.55800
6577	37.40400	WGS84	1000	34.55800
6578	37.40400	WGS84	1000	34.55800
6579	37.40400	WGS84	1000	34.55800
6580	37.40400	WGS84	1000	34.55800
6581	37.07000	WGS84	1000	28.80000
6582	37.07000	WGS84	1000	28.80000
6583	37.07000	WGS84	1000	28.80000
6584	37.40400	WGS84	1000	34.55800
6585	37.40400	WGS84	1000	34.55800
6586	37.40400	WGS84	1000	34.55800
6587	37.40400	WGS84	1000	34.55800
6588	37.40400	WGS84	1000	34.55800
6589	37.40400	WGS84	1000	34.55800
6590	37.40400	WGS84	1000	34.55800
6591	37.40400	WGS84	1000	34.55800
6592	37.40400	WGS84	1000	34.55800
6593	37.40400	WGS84	1000	34.55800
6594	37.07000	WGS84	1000	28.80000
6595	37.40400	WGS84	1000	34.55800
6596	37.40400	WGS84	1000	34.55800
6597	37.40400	WGS84	1000	34.55800
6598	37.40400	WGS84	1000	34.55800
6599	37.40400	WGS84	1000	34.55800
6600	37.40400	WGS84	1000	34.55800
6601	37.40400	WGS84	1000	34.55800
6602	37.40400	WGS84	1000	34.55800
6603	37.40400	WGS84	1000	34.55800
6604	37.42000	WGS84	1000	34.56800
6605	37.42000	WGS84	1000	34.56800
6606	37.07000	WGS84	1000	28.80000
6607	37.42000	WGS84	1000	34.56800
6608	37.42000	WGS84	1000	34.56800
6609	37.42000	WGS84	1000	34.56800
6610	37.42000	WGS84	1000	34.56800
6611	37.42000	WGS84	1000	34.56800
6612	37.42000	WGS84	1000	34.56800
6613	37.42000	WGS84	1000	34.56800
6614	37.42000	WGS84	1000	34.56800
6615	37.42000	WGS84	1000	34.56800
6616	37.42000	WGS84	1000	34.56800
6617	37.07000	WGS84	1000	28.80000
6618	37.42000	WGS84	1000	34.56800
6619	37.42000	WGS84	1000	34.56800
6620	37.42000	WGS84	1000	34.56800
6621	37.40400	WGS84	1000	34.55800
6622	37.40400	WGS84	1000	34.55800
6623	37.82980	WGS84	1000	35.12990
6624	37.82980	WGS84	1000	35.12990
6625	37.82980	WGS84	1000	35.12990
6626	37.82980	WGS84	1000	35.12990
6627	37.82980	WGS84	1000	35.12990
6628	37.07000	WGS84	1000	28.80000
6629	37.82980	WGS84	1000	35.12990
6630	37.82980	WGS84	1000	35.12990
6631	37.82980	WGS84	1000	35.12990
6632	37.82800	WGS84	1000	35.13600
6633	37.82800	WGS84	1000	35.13600
6634	37.82800	WGS84	1000	35.13600
6635	37.82800	WGS84	1000	35.13600
6636	37.82800	WGS84	1000	35.13600
6637	37.82800	WGS84	1000	35.13600
6638	37.82800	WGS84	1000	35.13600
6639	37.82800	WGS84	1000	35.13600
6640	37.82800	WGS84	1000	35.13600
6641	37.82800	WGS84	1000	35.13600
6642	37.82800	WGS84	1000	35.13600
6643	37.82800	WGS84	1000	35.13600
6644	37.82800	WGS84	1000	35.13600
6645	37.82800	WGS84	1000	35.13600
6646	37.82800	WGS84	1000	35.13600
6647	37.82800	WGS84	1000	35.13600
6648	37.82800	WGS84	1000	35.13600
6649	37.82800	WGS84	1000	35.13600
6650	37.82800	WGS84	1000	35.13600
6651	37.82800	WGS84	1000	35.13600
6652	37.82800	WGS84	1000	35.13600
6653	37.82800	WGS84	1000	35.13600
6654	37.82800	WGS84	1000	35.13600
6655	37.82800	WGS84	1000	35.13600
6656	37.82800	WGS84	1000	35.13600
6657	37.82800	WGS84	1000	35.13600
6658	37.82800	WGS84	1000	35.13600
6659	37.82800	WGS84	1000	35.13600
6660	37.82800	WGS84	1000	35.13600
6661	37.82800	WGS84	1000	35.13600
6662	37.82800	WGS84	1000	35.13600
6663	37.82800	WGS84	1000	35.13600
6664	37.82800	WGS84	1000	35.13600
6665	37.82800	WGS84	1000	35.13600
6666	37.82800	WGS84	1000	35.13600
6667	37.82800	WGS84	1000	35.13600
6668	37.82800	WGS84	1000	35.13600
6669	37.82800	WGS84	1000	35.13600
6670	37.82800	WGS84	1000	35.13600
6671	37.82800	WGS84	1000	35.13600
6672	37.82800	WGS84	1000	35.13600
6673	37.82800	WGS84	1000	35.13600
6674	37.82800	WGS84	1000	35.13600
6675	37.82800	WGS84	1000	35.13600
6676	37.82800	WGS84	1000	35.13600
6677	37.82800	WGS84	1000	35.13600
6678	37.82800	WGS84	1000	35.13600
6679	37.82800	WGS84	1000	35.13600
6680	37.82800	WGS84	1000	35.13600
6681	37.82800	WGS84	1000	35.13600
6682	36.56300	WGS84	1000	29.63000
6683	37.82800	WGS84	1000	35.13600
6684	37.82800	WGS84	1000	35.13600
6685	37.82800	WGS84	1000	35.13600
6686	37.82800	WGS84	1000	35.13600
6687	37.82800	WGS84	1000	35.13600
6688	37.82800	WGS84	1000	35.13600
6689	37.82800	WGS84	1000	35.13600
6690	37.82800	WGS84	1000	35.13600
6691	37.82980	WGS84	1000	35.12990
6692	37.82980	WGS84	1000	35.12990
6693	36.56300	WGS84	1000	29.63000
6694	36.56300	WGS84	1000	29.63000
6695	37.82980	WGS84	1000	35.12990
6696	37.82980	WGS84	1000	35.12990
6697	37.82980	WGS84	1000	35.12990
6698	37.82980	WGS84	1000	35.12990
6699	37.82980	WGS84	1000	35.12990
6700	37.82980	WGS84	1000	35.12990
6701	37.82980	WGS84	1000	35.12990
6702	37.82980	WGS84	1000	35.12990
6703	37.82980	WGS84	1000	35.12990
6704	37.82980	WGS84	1000	35.12990
6705	37.82980	WGS84	1000	35.12990
6706	37.82980	WGS84	1000	35.12990
6707	37.82980	WGS84	1000	35.12990
6708	36.56300	WGS84	1000	29.63000
6709	37.82980	WGS84	1000	35.12990
6710	37.82980	WGS84	1000	35.12990
6711	37.82980	WGS84	1000	35.12990
6712	37.82980	WGS84	1000	35.12990
6713	37.82980	WGS84	1000	35.12990
6714	37.82980	WGS84	1000	35.12990
6715	37.82980	WGS84	1000	35.12990
6716	37.82980	WGS84	1000	35.12990
6717	37.82980	WGS84	1000	35.12990
6718	37.82980	WGS84	1000	35.12990
6719	37.82980	WGS84	1000	35.12990
6720	37.82980	WGS84	1000	35.12990
6721	36.56300	WGS84	1000	29.63000
6722	37.82980	WGS84	1000	35.12990
6723	37.82980	WGS84	1000	35.12990
6724	37.82980	WGS84	1000	35.12990
6725	37.82980	WGS84	1000	35.12990
6726	37.82980	WGS84	1000	35.12990
6727	37.82980	WGS84	1000	35.12990
6728	37.82980	WGS84	1000	35.12990
6729	37.82980	WGS84	1000	35.12990
6730	37.82980	WGS84	1000	35.12990
6731	37.82980	WGS84	1000	35.12990
6732	37.82980	WGS84	1000	35.12990
6733	37.82980	WGS84	1000	35.12990
6734	36.56300	WGS84	1000	29.63000
6735	37.82980	WGS84	1000	35.12990
6736	37.82980	WGS84	1000	35.12990
6737	37.82980	WGS84	1000	35.12990
6738	37.82980	WGS84	1000	35.12990
6739	37.82980	WGS84	1000	35.12990
6740	37.82980	WGS84	1000	35.12990
6741	37.82980	WGS84	1000	35.12990
6742	37.82980	WGS84	1000	35.12990
6743	37.82980	WGS84	1000	35.12990
6744	37.82980	WGS84	1000	35.12990
6745	37.82980	WGS84	1000	35.12990
6746	37.82980	WGS84	1000	35.12990
6747	36.56300	WGS84	1000	29.63000
6748	37.82980	WGS84	1000	35.12990
6749	37.82980	WGS84	1000	35.12990
6750	37.82980	WGS84	1000	35.12990
6751	37.82980	WGS84	1000	35.12990
6752	36.56300	WGS84	1000	29.63000
6753	37.82980	WGS84	1000	35.12990
6754	37.82980	WGS84	1000	35.12990
6755	37.82980	WGS84	1000	35.12990
6756	37.82980	WGS84	1000	35.12990
6757	37.82980	WGS84	1000	35.12990
6758	37.82980	WGS84	1000	35.12990
6759	37.82980	WGS84	1000	35.12990
6760	37.82980	WGS84	1000	35.12990
6761	37.82980	WGS84	1000	35.12990
6762	37.82980	WGS84	1000	35.12990
6763	37.82980	WGS84	1000	35.12990
6764	36.55700	WGS84	1000	29.61400
6765	36.60000	WGS84	1000	30.10000
6766	36.53800	WGS84	1000	30.43200
6767	36.56300	WGS84	1000	29.63000
6768	36.56300	WGS84	1000	29.63000
6769	37.82980	WGS84	1000	35.12990
6770	37.82980	WGS84	1000	35.12990
6771	37.82980	WGS84	1000	35.12990
6772	37.82980	WGS84	1000	35.12990
6773	37.82980	WGS84	1000	35.12990
6774	37.82980	WGS84	1000	35.12990
6775	37.82980	WGS84	1000	35.12990
6776	37.82980	WGS84	1000	35.12990
6777	37.82980	WGS84	1000	35.12990
6778	37.82980	WGS84	1000	35.12990
6779	36.56300	WGS84	1000	29.63000
6780	37.82980	WGS84	1000	35.12990
6781	37.82980	WGS84	1000	35.12990
6782	37.82980	WGS84	1000	35.12990
6783	37.82980	WGS84	1000	35.12990
6784	36.56300	WGS84	1000	29.63000
6785	36.56300	WGS84	1000	29.63000
6786	37.90000	WGS84	1000	35.15200
6787	37.90000	WGS84	1000	35.15200
6788	37.90000	WGS84	1000	35.15200
6789	37.90000	WGS84	1000	35.15200
6790	37.90000	WGS84	1000	35.15200
6791	37.90000	WGS84	1000	35.15200
6792	37.90000	WGS84	1000	35.15200
6793	37.90000	WGS84	1000	35.15200
6794	37.90000	WGS84	1000	35.15200
6795	37.90000	WGS84	1000	35.15200
6796	36.56300	WGS84	1000	29.63000
6797	37.90000	WGS84	1000	35.15200
6798	37.90000	WGS84	1000	35.15200
6799	37.90000	WGS84	1000	35.15200
6800	37.90000	WGS84	1000	35.15200
6801	37.90000	WGS84	1000	35.15200
6802	37.90000	WGS84	1000	35.15200
6803	37.90000	WGS84	1000	35.15200
6804	37.90000	WGS84	1000	35.15200
6805	37.90000	WGS84	1000	35.15200
6806	37.90000	WGS84	1000	35.15200
6807	37.90000	WGS84	1000	35.15200
6808	36.56300	WGS84	1000	29.63000
6809	37.90000	WGS84	1000	35.15200
6810	37.90000	WGS84	1000	35.15200
6811	37.90000	WGS84	1000	35.15200
6812	37.90000	WGS84	1000	35.15200
6813	37.90000	WGS84	1000	35.15200
6814	37.90000	WGS84	1000	35.15200
6815	37.90000	WGS84	1000	35.15200
6816	37.90000	WGS84	1000	35.15200
6817	37.90000	WGS84	1000	35.15200
6818	37.90000	WGS84	1000	35.15200
6819	37.90000	WGS84	1000	35.15200
6820	37.90000	WGS84	1000	35.15200
6821	37.90000	WGS84	1000	35.15200
6822	36.56300	WGS84	1000	29.63000
6823	37.90000	WGS84	1000	35.15200
6824	37.90000	WGS84	1000	35.15200
6825	37.90000	WGS84	1000	35.15200
6826	37.90000	WGS84	1000	35.15200
6827	37.90000	WGS84	1000	35.15200
6828	37.90000	WGS84	1000	35.15200
6829	37.90000	WGS84	1000	35.15200
6830	37.90000	WGS84	1000	35.15200
6831	37.90000	WGS84	1000	35.15200
6832	37.90000	WGS84	1000	35.15200
6833	36.60000	WGS84	1000	30.10000
6834	36.56300	WGS84	1000	29.63000
6835	37.90000	WGS84	1000	35.15200
6836	37.90000	WGS84	1000	35.15200
6837	37.90000	WGS84	1000	35.15200
6838	37.82980	WGS84	1000	35.12990
6839	37.82980	WGS84	1000	35.12990
6840	36.56300	WGS84	1000	29.63000
6841	36.56300	WGS84	1000	29.63000
6842	36.56300	WGS84	1000	29.63000
6843	37.07000	WGS84	1000	28.80000
6844	36.56300	WGS84	1000	29.63000
6845	37.82980	WGS84	1000	35.12990
6846	37.82980	WGS84	1000	35.12990
6847	37.82980	WGS84	1000	35.12990
6848	37.82980	WGS84	1000	35.12990
6849	37.82980	WGS84	1000	35.12990
6850	37.82980	WGS84	1000	35.12990
6851	37.82980	WGS84	1000	35.12990
6852	37.82980	WGS84	1000	35.12990
6853	37.82980	WGS84	1000	35.12990
6854	37.82980	WGS84	1000	35.12990
6855	37.82980	WGS84	1000	35.12990
6856	37.82980	WGS84	1000	35.12990
6857	37.82980	WGS84	1000	35.12990
6858	37.82980	WGS84	1000	35.12990
6859	37.82980	WGS84	1000	35.12990
6860	36.56300	WGS84	1000	29.63000
6861	37.82980	WGS84	1000	35.12990
6862	37.82980	WGS84	1000	35.12990
6863	37.82980	WGS84	1000	35.12990
6864	37.82980	WGS84	1000	35.12990
6865	37.82980	WGS84	1000	35.12990
6866	37.82980	WGS84	1000	35.12990
6867	37.82980	WGS84	1000	35.12990
6868	37.82980	WGS84	1000	35.12990
6869	37.82980	WGS84	1000	35.12990
6870	37.82980	WGS84	1000	35.12990
6871	37.82980	WGS84	1000	35.12990
6872	37.82980	WGS84	1000	35.12990
6873	36.56300	WGS84	1000	29.63000
6874	37.82980	WGS84	1000	35.12990
6875	37.82980	WGS84	1000	35.12990
6876	37.82980	WGS84	1000	35.12990
6877	37.82980	WGS84	1000	35.12990
6878	37.82980	WGS84	1000	35.12990
6879	37.82980	WGS84	1000	35.12990
6880	37.82980	WGS84	1000	35.12990
6881	37.82980	WGS84	1000	35.12990
6882	37.82980	WGS84	1000	35.12990
6883	37.82980	WGS84	1000	35.12990
6884	37.82980	WGS84	1000	35.12990
6885	37.82980	WGS84	1000	35.12990
6886	36.56300	WGS84	1000	29.63000
6887	37.82980	WGS84	1000	35.12990
6888	37.82980	WGS84	1000	35.12990
6889	37.82980	WGS84	1000	35.12990
6890	37.76660	WGS84	1000	35.12540
6891	37.82980	WGS84	1000	35.12990
6892	37.82980	WGS84	1000	35.12990
6893	37.82980	WGS84	1000	35.12990
6894	37.82980	WGS84	1000	35.12990
6895	37.82980	WGS84	1000	35.12990
6896	37.82980	WGS84	1000	35.12990
6897	37.82980	WGS84	1000	35.12990
6898	37.82980	WGS84	1000	35.12990
6899	37.82980	WGS84	1000	35.12990
6900	36.56300	WGS84	1000	29.63000
6901	37.82980	WGS84	1000	35.12990
6902	37.82980	WGS84	1000	35.12990
6903	37.82980	WGS84	1000	35.12990
6904	37.82980	WGS84	1000	35.12990
6905	36.56300	WGS84	1000	29.63000
6906	37.76660	WGS84	1000	35.12540
6907	37.76660	WGS84	1000	35.12540
6908	37.76660	WGS84	1000	35.12540
6909	37.76660	WGS84	1000	35.12540
6910	37.76660	WGS84	1000	35.12540
6911	37.76660	WGS84	1000	35.12540
6912	37.76660	WGS84	1000	35.12540
6913	37.76660	WGS84	1000	35.12540
6914	37.76660	WGS84	1000	35.12540
6915	37.76660	WGS84	1000	35.12540
6916	36.56300	WGS84	1000	29.63000
6917	37.76660	WGS84	1000	35.12540
6918	37.76660	WGS84	1000	35.12540
6919	37.76660	WGS84	1000	35.12540
6920	37.76660	WGS84	1000	35.12540
6921	37.76660	WGS84	1000	35.12540
6922	37.76660	WGS84	1000	35.12540
6923	37.76660	WGS84	1000	35.12540
6924	37.76660	WGS84	1000	35.12540
6925	37.76660	WGS84	1000	35.12540
6926	37.76660	WGS84	1000	35.12540
6927	36.56300	WGS84	1000	29.63000
6928	37.76660	WGS84	1000	35.12540
6929	37.76660	WGS84	1000	35.12540
6930	37.76660	WGS84	1000	35.12540
6931	37.76660	WGS84	1000	35.12540
6932	37.76660	WGS84	1000	35.12540
6933	37.76660	WGS84	1000	35.12540
6934	37.76660	WGS84	1000	35.12540
6935	37.76660	WGS84	1000	35.12540
6936	37.76660	WGS84	1000	35.12540
6937	37.76660	WGS84	1000	35.12540
6938	36.56300	WGS84	1000	29.63000
6939	37.76660	WGS84	1000	35.12540
6940	37.76660	WGS84	1000	35.12540
6941	37.76660	WGS84	1000	35.12540
6942	37.76660	WGS84	1000	35.12540
6943	37.76660	WGS84	1000	35.12540
6944	37.76660	WGS84	1000	35.12540
6945	37.76660	WGS84	1000	35.12540
6946	37.76660	WGS84	1000	35.12540
6947	37.76660	WGS84	1000	35.12540
6948	37.76660	WGS84	1000	35.12540
6949	36.56300	WGS84	1000	29.63000
6950	37.76660	WGS84	1000	35.12540
6951	37.76660	WGS84	1000	35.12540
6952	37.76660	WGS84	1000	35.12540
6953	37.76660	WGS84	1000	35.12540
6954	37.76660	WGS84	1000	35.12540
6955	37.76660	WGS84	1000	35.12540
6956	37.76660	WGS84	1000	35.12540
6957	37.76660	WGS84	1000	35.12540
6958	37.76660	WGS84	1000	35.12540
6959	37.76660	WGS84	1000	35.12540
6960	36.56300	WGS84	1000	29.63000
6961	37.76660	WGS84	1000	35.12540
6962	37.76660	WGS84	1000	35.12540
6963	37.82130	WGS84	1000	35.11050
6964	37.82130	WGS84	1000	35.11050
6965	37.82130	WGS84	1000	35.11050
6966	37.82130	WGS84	1000	35.11050
6967	37.82130	WGS84	1000	35.11050
6968	37.82130	WGS84	1000	35.11050
6969	37.82130	WGS84	1000	35.11050
6970	37.82130	WGS84	1000	35.11050
6971	36.56300	WGS84	1000	29.63000
6972	37.82130	WGS84	1000	35.11050
6973	37.82130	WGS84	1000	35.11050
6974	37.82130	WGS84	1000	35.11050
6975	37.82130	WGS84	1000	35.11050
6976	37.82130	WGS84	1000	35.11050
6977	37.82130	WGS84	1000	35.11050
6978	37.82130	WGS84	1000	35.11050
6979	37.82130	WGS84	1000	35.11050
6980	37.82130	WGS84	1000	35.11050
6981	37.82130	WGS84	1000	35.11050
6982	36.55700	WGS84	1000	29.61400
6983	37.82130	WGS84	1000	35.11050
6984	37.82130	WGS84	1000	35.11050
6985	37.82130	WGS84	1000	35.11050
6986	37.82130	WGS84	1000	35.11050
6987	37.82130	WGS84	1000	35.11050
6988	37.82130	WGS84	1000	35.11050
6989	37.82130	WGS84	1000	35.11050
6990	37.82130	WGS84	1000	35.11050
6991	37.80750	WGS84	1000	35.12310
6992	37.80750	WGS84	1000	35.12310
6993	36.55700	WGS84	1000	29.61400
6994	37.80750	WGS84	1000	35.12310
6995	37.80750	WGS84	1000	35.12310
6996	37.80750	WGS84	1000	35.12310
6997	37.80750	WGS84	1000	35.12310
6998	37.80750	WGS84	1000	35.12310
6999	37.80750	WGS84	1000	35.12310
7000	37.80750	WGS84	1000	35.12310
7001	37.80750	WGS84	1000	35.12310
7002	37.80750	WGS84	1000	35.12310
7003	37.80750	WGS84	1000	35.12310
7004	36.55700	WGS84	1000	29.61400
7005	37.80750	WGS84	1000	35.12310
7006	37.80750	WGS84	1000	35.12310
7007	37.80750	WGS84	1000	35.12310
7008	37.80750	WGS84	1000	35.12310
7009	37.80750	WGS84	1000	35.12310
7010	36.55700	WGS84	1000	29.61400
7011	36.55700	WGS84	1000	29.61400
7012	36.55700	WGS84	1000	29.61400
7013	36.55700	WGS84	1000	29.61400
7014	36.55700	WGS84	1000	29.61400
7015	36.55700	WGS84	1000	29.61400
7016	36.55700	WGS84	1000	29.61400
7017	36.56300	WGS84	1000	29.63000
7018	36.60000	WGS84	1000	30.10000
7019	36.55700	WGS84	1000	29.61400
7020	36.55700	WGS84	1000	29.61400
7021	36.55700	WGS84	1000	29.61400
7022	36.55700	WGS84	1000	29.61400
7023	36.55700	WGS84	1000	29.61400
7024	36.55700	WGS84	1000	29.61400
7025	36.55700	WGS84	1000	29.61400
7026	37.07000	WGS84	1000	28.80000
7027	36.55700	WGS84	1000	29.61400
7028	36.55700	WGS84	1000	29.61400
7029	36.55700	WGS84	1000	29.61400
7030	36.55700	WGS84	1000	29.61400
7031	36.55700	WGS84	1000	29.61400
7032	36.55700	WGS84	1000	29.61400
7033	37.82980	WGS84	1000	35.12990
7034	36.55700	WGS84	1000	29.61400
7035	36.55700	WGS84	1000	29.61400
7036	36.55700	WGS84	1000	29.61400
7037	36.55700	WGS84	1000	29.61400
7038	37.07000	WGS84	1000	28.80000
7039	36.55700	WGS84	1000	29.61400
7040	36.55700	WGS84	1000	29.61400
7041	36.55700	WGS84	1000	29.61400
7042	36.55700	WGS84	1000	29.61400
7043	36.55700	WGS84	1000	29.61400
7044	36.55700	WGS84	1000	29.61400
7045	36.55700	WGS84	1000	29.61400
7046	36.55700	WGS84	1000	29.61400
7047	36.55700	WGS84	1000	29.61400
7048	36.55700	WGS84	1000	29.61400
7049	36.55700	WGS84	1000	29.61400
7050	36.55700	WGS84	1000	29.61400
7051	36.55700	WGS84	1000	29.61400
7052	36.55700	WGS84	1000	29.61400
7053	36.55700	WGS84	1000	29.61400
7054	36.55700	WGS84	1000	29.61400
7055	36.56300	WGS84	1000	29.63000
7056	36.55700	WGS84	1000	29.61400
7057	36.55700	WGS84	1000	29.61400
7058	36.55700	WGS84	1000	29.61400
7059	36.55700	WGS84	1000	29.61400
7060	36.55700	WGS84	1000	29.61400
7061	36.55700	WGS84	1000	29.61400
7062	36.56300	WGS84	1000	29.63000
7063	36.55700	WGS84	1000	29.61400
7064	37.07000	WGS84	1000	28.80000
7065	36.55700	WGS84	1000	29.61400
7066	37.68000	WGS84	1000	31.31000
7067	37.76660	WGS84	1000	35.12540
7068	37.42000	WGS84	1000	34.56800
7069	36.60000	WGS84	1000	30.10000
7070	36.82400	WGS84	1000	30.33700
7071	36.55700	WGS84	1000	29.61400
7072	36.60000	WGS84	1000	30.10000
7073	36.55700	WGS84	1000	29.61400
7074	36.55700	WGS84	1000	29.61400
7075	36.55700	WGS84	1000	29.61400
7076	36.55700	WGS84	1000	29.61400
7077	36.56300	WGS84	1000	29.63000
7078	36.56300	WGS84	1000	29.63000
7079	36.56300	WGS84	1000	29.63000
7080	36.56300	WGS84	1000	29.63000
7081	36.56300	WGS84	1000	29.63000
7082	36.56300	WGS84	1000	29.63000
7083	36.56300	WGS84	1000	29.63000
7084	36.56300	WGS84	1000	29.63000
7085	36.56300	WGS84	1000	29.63000
7086	36.56300	WGS84	1000	29.63000
7087	36.60000	WGS84	1000	30.10000
7088	36.56300	WGS84	1000	29.63000
7089	36.56300	WGS84	1000	29.63000
7090	36.56300	WGS84	1000	29.63000
7091	37.07000	WGS84	1000	28.80000
7092	36.56300	WGS84	1000	29.63000
7093	36.56300	WGS84	1000	29.63000
7094	36.56300	WGS84	1000	29.63000
7095	36.56300	WGS84	1000	29.63000
7096	36.56300	WGS84	1000	29.63000
7097	36.56300	WGS84	1000	29.63000
7098	36.56300	WGS84	1000	29.63000
7099	36.56300	WGS84	1000	29.63000
7100	36.56300	WGS84	1000	29.63000
7101	36.56300	WGS84	1000	29.63000
7102	36.56300	WGS84	1000	29.63000
7103	36.56300	WGS84	1000	29.63000
7104	36.56300	WGS84	1000	29.63000
7105	36.60000	WGS84	1000	30.10000
7106	36.60000	WGS84	1000	30.10000
7107	36.60000	WGS84	1000	30.10000
7108	36.60000	WGS84	1000	30.10000
7109	36.60000	WGS84	1000	30.10000
7110	36.60000	WGS84	1000	30.10000
7111	36.60000	WGS84	1000	30.10000
7112	36.60000	WGS84	1000	30.10000
7113	36.60000	WGS84	1000	30.10000
7114	36.60000	WGS84	1000	30.10000
7115	36.60000	WGS84	1000	30.10000
7116	36.60000	WGS84	1000	30.10000
7117	36.60000	WGS84	1000	30.10000
7118	36.60000	WGS84	1000	30.10000
7119	36.60000	WGS84	1000	30.10000
7120	36.60000	WGS84	1000	30.10000
7121	36.60000	WGS84	1000	30.10000
7122	36.60000	WGS84	1000	30.10000
7123	36.60000	WGS84	1000	30.10000
7124	36.60000	WGS84	1000	30.10000
7125	36.60000	WGS84	1000	30.10000
7126	36.60000	WGS84	1000	30.10000
7127	36.60000	WGS84	1000	30.10000
7128	36.60000	WGS84	1000	30.10000
7129	36.60000	WGS84	1000	30.10000
7130	36.60000	WGS84	1000	30.10000
7131	36.60000	WGS84	1000	30.10000
7132	36.60000	WGS84	1000	30.10000
7133	36.60000	WGS84	1000	30.10000
7134	36.60000	WGS84	1000	30.10000
7135	36.60000	WGS84	1000	30.10000
7136	37.07000	WGS84	1000	28.80000
7137	36.60000	WGS84	1000	30.10000
7138	36.60000	WGS84	1000	30.10000
7139	36.60000	WGS84	1000	30.10000
7140	36.60000	WGS84	1000	30.10000
7141	36.60000	WGS84	1000	30.10000
7142	36.60000	WGS84	1000	30.10000
7143	36.60000	WGS84	1000	30.10000
7144	36.60000	WGS84	1000	30.10000
7145	36.60000	WGS84	1000	30.10000
7146	36.60000	WGS84	1000	30.10000
7147	36.60000	WGS84	1000	30.10000
7148	36.60000	WGS84	1000	30.10000
7149	36.60000	WGS84	1000	30.10000
7150	37.07000	WGS84	1000	28.80000
7151	36.60000	WGS84	1000	30.10000
7152	36.60000	WGS84	1000	30.10000
7153	36.60000	WGS84	1000	30.10000
7154	36.60000	WGS84	1000	30.10000
7155	36.60000	WGS84	1000	30.10000
7156	36.60000	WGS84	1000	30.10000
7157	36.60000	WGS84	1000	30.10000
7158	36.60000	WGS84	1000	30.10000
7159	36.60000	WGS84	1000	30.10000
7160	36.60000	WGS84	1000	30.10000
7161	36.60000	WGS84	1000	30.10000
7162	37.07000	WGS84	1000	28.80000
7163	36.60000	WGS84	1000	30.10000
7164	36.60000	WGS84	1000	30.10000
7165	36.60000	WGS84	1000	30.10000
7166	36.60000	WGS84	1000	30.10000
7167	36.60000	WGS84	1000	30.10000
7168	36.60000	WGS84	1000	30.10000
7169	36.60000	WGS84	1000	30.10000
7170	36.60000	WGS84	1000	30.10000
7171	36.60000	WGS84	1000	30.10000
7172	36.60000	WGS84	1000	30.10000
7173	36.60000	WGS84	1000	30.10000
7174	36.60000	WGS84	1000	30.10000
7175	36.60000	WGS84	1000	30.10000
7176	37.07000	WGS84	1000	28.80000
7177	36.60000	WGS84	1000	30.10000
7178	36.60000	WGS84	1000	30.10000
7179	36.60000	WGS84	1000	30.10000
7180	36.60000	WGS84	1000	30.10000
7181	36.60000	WGS84	1000	30.10000
7182	36.60000	WGS84	1000	30.10000
7183	36.53800	WGS84	1000	30.43200
7184	36.60000	WGS84	1000	30.10000
7185	36.60000	WGS84	1000	30.10000
7186	36.60000	WGS84	1000	30.10000
7187	36.60000	WGS84	1000	30.10000
7188	36.53800	WGS84	1000	30.43200
7189	36.60000	WGS84	1000	30.10000
7190	36.60000	WGS84	1000	30.10000
7191	36.60000	WGS84	1000	30.10000
7192	36.60000	WGS84	1000	30.10000
7193	36.60000	WGS84	1000	30.10000
7194	36.60000	WGS84	1000	30.10000
7195	36.60000	WGS84	1000	30.10000
7196	36.60000	WGS84	1000	30.10000
7197	36.60000	WGS84	1000	30.10000
7198	36.60000	WGS84	1000	30.10000
7199	36.60000	WGS84	1000	30.10000
7200	36.60000	WGS84	1000	30.10000
7201	36.60000	WGS84	1000	30.10000
7202	36.60000	WGS84	1000	30.10000
7203	36.60000	WGS84	1000	30.10000
7204	37.07000	WGS84	1000	28.80000
7205	36.60000	WGS84	1000	30.10000
7206	36.60000	WGS84	1000	30.10000
7207	36.60000	WGS84	1000	30.10000
7208	36.60000	WGS84	1000	30.10000
7209	36.60000	WGS84	1000	30.10000
7210	36.60000	WGS84	1000	30.10000
7211	36.60000	WGS84	1000	30.10000
7212	36.60000	WGS84	1000	30.10000
7213	36.60000	WGS84	1000	30.10000
7214	36.60000	WGS84	1000	30.10000
7215	36.60000	WGS84	1000	30.10000
7216	36.60000	WGS84	1000	30.10000
7217	36.60000	WGS84	1000	30.10000
7218	36.60000	WGS84	1000	30.10000
7219	36.60000	WGS84	1000	30.10000
7220	36.60000	WGS84	1000	30.10000
7221	36.60000	WGS84	1000	30.10000
7222	36.53800	WGS84	1000	30.43200
7223	36.53800	WGS84	1000	30.43200
7224	36.53800	WGS84	1000	30.43200
7225	36.53800	WGS84	1000	30.43200
7226	36.53800	WGS84	1000	30.43200
7227	36.53800	WGS84	1000	30.43200
7228	36.53800	WGS84	1000	30.43200
7229	36.53800	WGS84	1000	30.43200
7230	36.53800	WGS84	1000	30.43200
7231	36.53800	WGS84	1000	30.43200
7232	36.53800	WGS84	1000	30.43200
7233	36.53800	WGS84	1000	30.43200
7234	36.53800	WGS84	1000	30.43200
7235	36.53800	WGS84	1000	30.43200
7236	36.53800	WGS84	1000	30.43200
7237	36.53800	WGS84	1000	30.43200
7238	36.53800	WGS84	1000	30.43200
7239	36.53800	WGS84	1000	30.43200
7240	36.53800	WGS84	1000	30.43200
7241	36.53800	WGS84	1000	30.43200
7242	36.53800	WGS84	1000	30.43200
7243	36.53800	WGS84	1000	30.43200
7244	36.53800	WGS84	1000	30.43200
7245	36.53800	WGS84	1000	30.43200
7246	36.53800	WGS84	1000	30.43200
7247	36.53800	WGS84	1000	30.43200
7248	37.07000	WGS84	1000	28.80000
7249	36.53800	WGS84	1000	30.43200
7250	36.53800	WGS84	1000	30.43200
7251	36.53800	WGS84	1000	30.43200
7252	36.53800	WGS84	1000	30.43200
7253	36.53800	WGS84	1000	30.43200
7254	36.53800	WGS84	1000	30.43200
7255	36.53800	WGS84	1000	30.43200
7256	36.53800	WGS84	1000	30.43200
7257	36.53800	WGS84	1000	30.43200
7258	36.53800	WGS84	1000	30.43200
7259	37.07000	WGS84	1000	28.80000
7260	36.53800	WGS84	1000	30.43200
7261	36.53800	WGS84	1000	30.43200
7262	36.53800	WGS84	1000	30.43200
7263	36.53800	WGS84	1000	30.43200
7264	36.53800	WGS84	1000	30.43200
7265	36.53800	WGS84	1000	30.43200
7266	36.53800	WGS84	1000	30.43200
7267	36.53800	WGS84	1000	30.43200
7268	36.53800	WGS84	1000	30.43200
7269	36.53800	WGS84	1000	30.43200
7270	36.53800	WGS84	1000	30.43200
7271	36.82400	WGS84	1000	30.33700
7272	36.53800	WGS84	1000	30.43200
7273	36.82400	WGS84	1000	30.33700
7274	36.82400	WGS84	1000	30.33700
7275	36.82400	WGS84	1000	30.33700
7276	36.82400	WGS84	1000	30.33700
7277	36.82400	WGS84	1000	30.33700
7278	36.82400	WGS84	1000	30.33700
7279	36.82400	WGS84	1000	30.33700
7280	36.82400	WGS84	1000	30.33700
7281	36.82400	WGS84	1000	30.33700
7282	36.82400	WGS84	1000	30.33700
7283	37.07000	WGS84	1000	28.80000
7284	36.82400	WGS84	1000	30.33700
7285	36.82400	WGS84	1000	30.33700
7286	36.82400	WGS84	1000	30.33700
7287	36.82400	WGS84	1000	30.33700
7288	36.82400	WGS84	1000	30.33700
7289	36.82400	WGS84	1000	30.33700
7290	36.82400	WGS84	1000	30.33700
7291	36.82400	WGS84	1000	30.33700
7292	36.82400	WGS84	1000	30.33700
7293	36.82400	WGS84	1000	30.33700
7294	36.82400	WGS84	1000	30.33700
7295	36.82400	WGS84	1000	30.33700
7296	36.82400	WGS84	1000	30.33700
7297	36.82400	WGS84	1000	30.33700
7298	36.82400	WGS84	1000	30.33700
7299	36.82400	WGS84	1000	30.33700
7300	36.82400	WGS84	1000	30.33700
7301	36.82400	WGS84	1000	30.33700
7302	36.82400	WGS84	1000	30.33700
7303	36.82400	WGS84	1000	30.33700
7304	36.82400	WGS84	1000	30.33700
7305	36.82400	WGS84	1000	30.33700
7306	37.02500	WGS84	1000	28.48200
7307	36.82400	WGS84	1000	30.33700
7308	36.82400	WGS84	1000	30.33700
7309	36.82400	WGS84	1000	30.33700
7310	36.82400	WGS84	1000	30.33700
7311	36.82400	WGS84	1000	30.33700
7312	36.82400	WGS84	1000	30.33700
7313	36.82400	WGS84	1000	30.33700
7314	36.82400	WGS84	1000	30.33700
7315	36.82400	WGS84	1000	30.33700
7316	36.82400	WGS84	1000	30.33700
7317	36.82400	WGS84	1000	30.33700
7318	36.82400	WGS84	1000	30.33700
7319	36.82400	WGS84	1000	30.33700
7320	36.82400	WGS84	1000	30.33700
7321	36.82400	WGS84	1000	30.33700
7322	36.82400	WGS84	1000	30.33700
7323	36.82400	WGS84	1000	30.33700
7324	36.82400	WGS84	1000	30.33700
7325	36.82400	WGS84	1000	30.33700
7326	36.82400	WGS84	1000	30.33700
7327	37.07000	WGS84	1000	28.80000
7328	36.82400	WGS84	1000	30.33700
7329	36.82400	WGS84	1000	30.33700
7330	36.82400	WGS84	1000	30.33700
7331	36.82400	WGS84	1000	30.33700
7332	36.82400	WGS84	1000	30.33700
7333	36.82400	WGS84	1000	30.33700
7334	36.82400	WGS84	1000	30.33700
7335	36.82400	WGS84	1000	30.33700
7336	36.82400	WGS84	1000	30.33700
7337	36.82400	WGS84	1000	30.33700
7338	36.82400	WGS84	1000	30.33700
7339	36.82400	WGS84	1000	30.33700
7340	36.82400	WGS84	1000	30.33700
7341	36.82400	WGS84	1000	30.33700
7342	36.82400	WGS84	1000	30.33700
7343	36.82400	WGS84	1000	30.33700
7344	36.82400	WGS84	1000	30.33700
7345	36.82400	WGS84	1000	30.33700
7346	36.82400	WGS84	1000	30.33700
7347	36.82400	WGS84	1000	30.33700
7348	36.82400	WGS84	1000	30.33700
7349	36.82400	WGS84	1000	30.33700
7350	36.82400	WGS84	1000	30.33700
7351	36.82400	WGS84	1000	30.33700
7352	36.82400	WGS84	1000	30.33700
7353	36.82400	WGS84	1000	30.33700
7354	36.82400	WGS84	1000	30.33700
7355	36.82400	WGS84	1000	30.33700
7356	36.82400	WGS84	1000	30.33700
7357	36.82400	WGS84	1000	30.33700
7358	36.82400	WGS84	1000	30.33700
7359	36.82400	WGS84	1000	30.33700
7360	36.82400	WGS84	1000	30.33700
7361	36.82400	WGS84	1000	30.33700
7362	37.07000	WGS84	1000	28.80000
7363	36.82400	WGS84	1000	30.33700
7364	36.82400	WGS84	1000	30.33700
7365	36.82400	WGS84	1000	30.33700
7366	36.82400	WGS84	1000	30.33700
7367	36.82400	WGS84	1000	30.33700
7368	36.82400	WGS84	1000	30.33700
7369	36.82400	WGS84	1000	30.33700
7370	36.82400	WGS84	1000	30.33700
7371	36.82400	WGS84	1000	30.33700
7372	36.82400	WGS84	1000	30.33700
7373	36.82400	WGS84	1000	30.33700
7374	36.82400	WGS84	1000	30.33700
7375	36.82400	WGS84	1000	30.33700
7376	36.82400	WGS84	1000	30.33700
7377	36.82400	WGS84	1000	30.33700
7378	36.82400	WGS84	1000	30.33700
7379	36.82400	WGS84	1000	30.33700
7380	36.82400	WGS84	1000	30.33700
7381	36.82400	WGS84	1000	30.33700
7382	36.82400	WGS84	1000	30.33700
7383	36.82400	WGS84	1000	30.33700
7384	36.82400	WGS84	1000	30.33700
7385	36.82400	WGS84	1000	30.33700
7386	36.82400	WGS84	1000	30.33700
7387	36.82400	WGS84	1000	30.33700
7388	36.82400	WGS84	1000	30.33700
7389	36.82400	WGS84	1000	30.33700
7390	36.82400	WGS84	1000	30.33700
7391	36.82400	WGS84	1000	30.33700
7392	36.82400	WGS84	1000	30.33700
7393	36.82400	WGS84	1000	30.33700
7394	36.82400	WGS84	1000	30.33700
7395	36.82400	WGS84	1000	30.33700
7396	36.82400	WGS84	1000	30.33700
7397	36.82400	WGS84	1000	30.33700
7398	36.82400	WGS84	1000	30.33700
7399	36.82400	WGS84	1000	30.33700
7400	36.82400	WGS84	1000	30.33700
7401	37.07000	WGS84	1000	28.80000
7402	36.82400	WGS84	1000	30.33700
7403	36.82400	WGS84	1000	30.33700
7404	36.82400	WGS84	1000	30.33700
7405	36.82400	WGS84	1000	30.33700
7406	36.82400	WGS84	1000	30.33700
7407	36.82400	WGS84	1000	30.33700
7408	36.82400	WGS84	1000	30.33700
7409	36.82400	WGS84	1000	30.33700
7410	36.82400	WGS84	1000	30.33700
7411	36.82400	WGS84	1000	30.33700
7412	36.82400	WGS84	1000	30.33700
7413	36.82400	WGS84	1000	30.33700
7414	36.82400	WGS84	1000	30.33700
7415	36.82400	WGS84	1000	30.33700
7416	36.82400	WGS84	1000	30.33700
7417	36.82400	WGS84	1000	30.33700
7418	36.82400	WGS84	1000	30.33700
7419	36.82400	WGS84	1000	30.33700
7420	36.82400	WGS84	1000	30.33700
7421	36.82400	WGS84	1000	30.33700
7422	36.82400	WGS84	1000	30.33700
7423	36.82400	WGS84	1000	30.33700
7424	36.82400	WGS84	1000	30.33700
7425	36.82400	WGS84	1000	30.33700
7426	36.82400	WGS84	1000	30.33700
7427	36.82400	WGS84	1000	30.33700
7428	36.82400	WGS84	1000	30.33700
7429	36.82400	WGS84	1000	30.33700
7430	36.82400	WGS84	1000	30.33700
7431	37.07000	WGS84	1000	28.80000
7432	36.82400	WGS84	1000	30.33700
7433	36.82400	WGS84	1000	30.33700
7434	36.82400	WGS84	1000	30.33700
7435	36.82400	WGS84	1000	30.33700
7436	36.82400	WGS84	1000	30.33700
7437	36.82400	WGS84	1000	30.33700
7438	37.68000	WGS84	1000	31.31000
7439	37.68000	WGS84	1000	31.31000
7440	37.68000	WGS84	1000	31.31000
7441	37.68000	WGS84	1000	31.31000
7442	37.07000	WGS84	1000	28.80000
7443	37.68000	WGS84	1000	31.31000
7444	37.68000	WGS84	1000	31.31000
7445	37.68000	WGS84	1000	31.31000
7446	37.68000	WGS84	1000	31.31000
7447	37.68000	WGS84	1000	31.31000
7448	37.68000	WGS84	1000	31.31000
7449	37.68000	WGS84	1000	31.31000
7450	37.68000	WGS84	1000	31.31000
7451	37.68000	WGS84	1000	31.31000
7452	37.68000	WGS84	1000	31.31000
7453	37.68000	WGS84	1000	31.31000
7454	37.68000	WGS84	1000	31.31000
7455	37.68000	WGS84	1000	31.31000
7456	37.68000	WGS84	1000	31.31000
7457	37.68000	WGS84	1000	31.31000
7458	37.68000	WGS84	1000	31.31000
7459	37.68000	WGS84	1000	31.31000
7460	37.68000	WGS84	1000	31.31000
7461	37.68000	WGS84	1000	31.31000
7462	37.68000	WGS84	1000	31.31000
7463	37.68000	WGS84	1000	31.31000
7464	37.68000	WGS84	1000	31.31000
7465	37.68000	WGS84	1000	31.31000
7466	37.68000	WGS84	1000	31.31000
7467	37.68000	WGS84	1000	31.31000
7468	37.68000	WGS84	1000	31.31000
7469	37.68000	WGS84	1000	31.31000
7470	37.68000	WGS84	1000	31.31000
7471	37.68000	WGS84	1000	31.31000
7472	37.68000	WGS84	1000	31.31000
7473	37.68000	WGS84	1000	31.31000
7474	37.68000	WGS84	1000	31.31000
7475	37.68000	WGS84	1000	31.31000
7476	37.68000	WGS84	1000	31.31000
7477	37.68000	WGS84	1000	31.31000
7478	37.68000	WGS84	1000	31.31000
7479	37.68000	WGS84	1000	31.31000
7480	37.68000	WGS84	1000	31.31000
7481	37.68000	WGS84	1000	31.31000
7482	37.68000	WGS84	1000	31.31000
7483	37.68000	WGS84	1000	31.31000
7484	37.68000	WGS84	1000	31.31000
7485	37.68000	WGS84	1000	31.31000
7486	37.68000	WGS84	1000	31.31000
7487	37.68000	WGS84	1000	31.31000
7488	37.68000	WGS84	1000	31.31000
7489	37.68000	WGS84	1000	31.31000
7490	37.68000	WGS84	1000	31.31000
7491	37.68000	WGS84	1000	31.31000
7492	37.68000	WGS84	1000	31.31000
7493	37.68000	WGS84	1000	31.31000
7494	37.68000	WGS84	1000	31.31000
7495	37.68000	WGS84	1000	31.31000
7496	37.68000	WGS84	1000	31.31000
7497	37.68000	WGS84	1000	31.31000
7498	37.68000	WGS84	1000	31.31000
7499	37.68000	WGS84	1000	31.31000
7500	37.68000	WGS84	1000	31.31000
7501	37.68000	WGS84	1000	31.31000
7502	37.68000	WGS84	1000	31.31000
7503	37.68000	WGS84	1000	31.31000
7504	37.68000	WGS84	1000	31.31000
7505	37.68000	WGS84	1000	31.31000
7506	37.68000	WGS84	1000	31.31000
7507	37.68000	WGS84	1000	31.31000
7508	37.68000	WGS84	1000	31.31000
7509	37.07000	WGS84	1000	28.80000
7510	37.68000	WGS84	1000	31.31000
7511	37.68000	WGS84	1000	31.31000
7512	37.68000	WGS84	1000	31.31000
7513	37.68000	WGS84	1000	31.31000
7514	37.68000	WGS84	1000	31.31000
7515	37.68000	WGS84	1000	31.31000
7516	37.68000	WGS84	1000	31.31000
7517	37.68000	WGS84	1000	31.31000
7518	37.68000	WGS84	1000	31.31000
7519	37.68000	WGS84	1000	31.31000
7520	36.82400	WGS84	1000	30.33700
7521	37.68000	WGS84	1000	31.31000
7522	37.68000	WGS84	1000	31.31000
7523	37.68000	WGS84	1000	31.31000
7524	37.68000	WGS84	1000	31.31000
7525	37.68000	WGS84	1000	31.31000
7526	37.68000	WGS84	1000	31.31000
7527	37.68000	WGS84	1000	31.31000
7528	37.68000	WGS84	1000	31.31000
7529	37.68000	WGS84	1000	31.31000
7530	37.68000	WGS84	1000	31.31000
7531	37.07000	WGS84	1000	28.80000
7532	37.68000	WGS84	1000	31.31000
7533	37.68000	WGS84	1000	31.31000
7534	37.68000	WGS84	1000	31.31000
7535	37.68000	WGS84	1000	31.31000
7536	37.68000	WGS84	1000	31.31000
7537	37.68000	WGS84	1000	31.31000
7538	37.68000	WGS84	1000	31.31000
7539	37.68000	WGS84	1000	31.31000
7540	37.68000	WGS84	1000	31.31000
7541	37.68000	WGS84	1000	31.31000
7542	37.68000	WGS84	1000	31.31000
7543	37.68000	WGS84	1000	31.31000
7544	37.68000	WGS84	1000	31.31000
7545	37.68000	WGS84	1000	31.31000
7546	37.68000	WGS84	1000	31.31000
7547	37.68000	WGS84	1000	31.31000
7548	37.68000	WGS84	1000	31.31000
7549	37.68000	WGS84	1000	31.31000
7550	37.68000	WGS84	1000	31.31000
7551	37.68000	WGS84	1000	31.31000
7552	37.68000	WGS84	1000	31.31000
7553	37.68000	WGS84	1000	31.31000
7554	37.68000	WGS84	1000	31.31000
7555	37.68000	WGS84	1000	31.31000
7556	37.68000	WGS84	1000	31.31000
7557	37.68000	WGS84	1000	31.31000
7558	37.68000	WGS84	1000	31.31000
7559	37.68000	WGS84	1000	31.31000
7560	37.68000	WGS84	1000	31.31000
7561	37.68000	WGS84	1000	31.31000
7562	37.68000	WGS84	1000	31.31000
7563	37.68000	WGS84	1000	31.31000
7564	37.68000	WGS84	1000	31.31000
7565	37.68000	WGS84	1000	31.31000
7566	37.68000	WGS84	1000	31.31000
7567	37.68000	WGS84	1000	31.31000
7568	37.68000	WGS84	1000	31.31000
7569	37.68000	WGS84	1000	31.31000
7570	37.68000	WGS84	1000	31.31000
7571	36.83300	WGS84	1000	32.14700
7572	36.83300	WGS84	1000	32.14700
7573	36.83300	WGS84	1000	32.14700
7574	36.83300	WGS84	1000	32.14700
7575	36.83300	WGS84	1000	32.14700
7576	36.83300	WGS84	1000	32.14700
7577	36.83300	WGS84	1000	32.14700
7578	36.83300	WGS84	1000	32.14700
7579	36.83300	WGS84	1000	32.14700
7580	37.07000	WGS84	1000	28.80000
7581	36.83300	WGS84	1000	32.14700
7582	36.83300	WGS84	1000	32.14700
7583	36.83300	WGS84	1000	32.14700
7584	36.83300	WGS84	1000	32.14700
7585	36.83300	WGS84	1000	32.14700
7586	36.83300	WGS84	1000	32.14700
7587	36.83300	WGS84	1000	32.14700
7588	36.83300	WGS84	1000	32.14700
7589	36.83300	WGS84	1000	32.14700
7590	36.83300	WGS84	1000	32.14700
7591	36.83300	WGS84	1000	32.14700
7592	36.83300	WGS84	1000	32.14700
7593	36.83300	WGS84	1000	32.14700
7594	36.83300	WGS84	1000	32.14700
7595	36.83300	WGS84	1000	32.14700
7596	36.83300	WGS84	1000	32.14700
7597	36.83300	WGS84	1000	32.14700
7598	36.83300	WGS84	1000	32.14700
7599	36.83300	WGS84	1000	32.14700
7600	36.83300	WGS84	1000	32.14700
7601	36.83300	WGS84	1000	32.14700
7602	36.83300	WGS84	1000	32.14700
7603	36.83300	WGS84	1000	32.14700
7604	36.83300	WGS84	1000	32.14700
7605	37.07000	WGS84	1000	28.80000
7606	36.83300	WGS84	1000	32.14700
7607	36.83300	WGS84	1000	32.14700
7608	36.83300	WGS84	1000	32.14700
7609	36.83300	WGS84	1000	32.14700
7610	36.83300	WGS84	1000	32.14700
7611	36.83300	WGS84	1000	32.14700
7612	36.83300	WGS84	1000	32.14700
7613	36.83300	WGS84	1000	32.14700
7614	36.83300	WGS84	1000	32.14700
7615	36.83300	WGS84	1000	32.14700
7616	36.83300	WGS84	1000	32.14700
7617	36.83300	WGS84	1000	32.14700
7618	36.83300	WGS84	1000	32.14700
7619	36.83300	WGS84	1000	32.14700
7620	36.83300	WGS84	1000	32.14700
7621	36.83300	WGS84	1000	32.14700
7622	36.83300	WGS84	1000	32.14700
7623	36.83300	WGS84	1000	32.14700
7624	36.83300	WGS84	1000	32.14700
7625	36.83300	WGS84	1000	32.14700
7626	36.83300	WGS84	1000	32.14700
7627	37.07000	WGS84	1000	28.80000
7628	36.83300	WGS84	1000	32.14700
7629	36.83300	WGS84	1000	32.14700
7630	36.83300	WGS84	1000	32.14700
7631	36.83300	WGS84	1000	32.14700
7632	36.83300	WGS84	1000	32.14700
7633	36.83300	WGS84	1000	32.14700
7634	36.83300	WGS84	1000	32.14700
7635	36.83300	WGS84	1000	32.14700
7636	36.83300	WGS84	1000	32.14700
7637	36.83300	WGS84	1000	32.14700
7638	36.83300	WGS84	1000	32.14700
7639	37.07000	WGS84	1000	28.80000
7640	36.83300	WGS84	1000	32.14700
7641	36.83300	WGS84	1000	32.14700
7642	36.83300	WGS84	1000	32.14700
7643	36.83300	WGS84	1000	32.14700
7644	36.83300	WGS84	1000	32.14700
7645	36.83300	WGS84	1000	32.14700
7646	36.80800	WGS84	1000	32.19600
7647	36.80800	WGS84	1000	32.19600
7648	36.80800	WGS84	1000	32.19600
7649	36.80800	WGS84	1000	32.19600
7650	37.07000	WGS84	1000	28.80000
7651	36.80800	WGS84	1000	32.19600
7652	36.80800	WGS84	1000	32.19600
7653	36.80800	WGS84	1000	32.19600
7654	36.80800	WGS84	1000	32.19600
7655	36.80800	WGS84	1000	32.19600
7656	36.80800	WGS84	1000	32.19600
7657	36.80800	WGS84	1000	32.19600
7658	36.80800	WGS84	1000	32.19600
7659	36.80800	WGS84	1000	32.19600
7660	36.80800	WGS84	1000	32.19600
7661	36.80800	WGS84	1000	32.19600
7662	36.80800	WGS84	1000	32.19600
7663	37.07000	WGS84	1000	28.80000
7664	36.80800	WGS84	1000	32.19600
7665	36.80800	WGS84	1000	32.19600
7666	36.80800	WGS84	1000	32.19600
7667	36.80800	WGS84	1000	32.19600
7668	36.80800	WGS84	1000	32.19600
7669	36.80800	WGS84	1000	32.19600
7670	36.80800	WGS84	1000	32.19600
7671	36.80800	WGS84	1000	32.19600
7672	36.80800	WGS84	1000	32.19600
7673	36.80800	WGS84	1000	32.19600
7674	37.07000	WGS84	1000	28.80000
7675	36.80800	WGS84	1000	32.19600
7676	36.80800	WGS84	1000	32.19600
7677	36.80800	WGS84	1000	32.19600
7678	36.80800	WGS84	1000	32.19600
7679	36.80800	WGS84	1000	32.19600
7680	36.80800	WGS84	1000	32.19600
7681	36.80800	WGS84	1000	32.19600
7682	36.80800	WGS84	1000	32.19600
7683	36.80800	WGS84	1000	32.19600
7684	36.80800	WGS84	1000	32.19600
7685	36.80800	WGS84	1000	32.19600
7686	36.80800	WGS84	1000	32.19600
7687	37.07000	WGS84	1000	28.80000
7688	36.80800	WGS84	1000	32.19600
7689	36.80800	WGS84	1000	32.19600
7690	36.80800	WGS84	1000	32.19600
7691	36.80800	WGS84	1000	32.19600
7692	36.80800	WGS84	1000	32.19600
7693	36.80800	WGS84	1000	32.19600
7694	36.80800	WGS84	1000	32.19600
7695	36.80800	WGS84	1000	32.19600
7696	36.80800	WGS84	1000	32.19600
7697	36.80800	WGS84	1000	32.19600
7698	37.07000	WGS84	1000	28.80000
7699	36.80800	WGS84	1000	32.19600
7700	36.80800	WGS84	1000	32.19600
7701	36.67000	WGS84	1000	32.87000
7702	36.67000	WGS84	1000	32.87000
7703	36.67000	WGS84	1000	32.87000
7704	36.67000	WGS84	1000	32.87000
7705	36.67000	WGS84	1000	32.87000
7706	36.67000	WGS84	1000	32.87000
7707	36.67000	WGS84	1000	32.87000
7708	36.67000	WGS84	1000	32.87000
7709	37.07000	WGS84	1000	28.80000
7710	36.67000	WGS84	1000	32.87000
7711	36.67000	WGS84	1000	32.87000
7712	36.67000	WGS84	1000	32.87000
7713	36.67000	WGS84	1000	32.87000
7714	36.67000	WGS84	1000	32.87000
7715	36.67000	WGS84	1000	32.87000
7716	36.67000	WGS84	1000	32.87000
7717	36.67000	WGS84	1000	32.87000
7718	36.67000	WGS84	1000	32.87000
7719	36.67000	WGS84	1000	32.87000
7720	36.67000	WGS84	1000	32.87000
7721	36.67000	WGS84	1000	32.87000
7722	36.67000	WGS84	1000	32.87000
7723	37.07000	WGS84	1000	28.80000
7724	36.67000	WGS84	1000	32.87000
7725	36.67000	WGS84	1000	32.87000
7726	36.67000	WGS84	1000	32.87000
7727	36.67000	WGS84	1000	32.87000
7728	36.67000	WGS84	1000	32.87000
7729	36.67000	WGS84	1000	32.87000
7730	36.67000	WGS84	1000	32.87000
7731	36.67000	WGS84	1000	32.87000
7732	36.67000	WGS84	1000	32.87000
7733	36.67000	WGS84	1000	32.87000
7734	36.67000	WGS84	1000	32.87000
7735	36.67000	WGS84	1000	32.87000
7736	36.67000	WGS84	1000	32.87000
7737	36.67000	WGS84	1000	32.87000
7738	37.07000	WGS84	1000	28.80000
7739	36.67000	WGS84	1000	32.87000
7740	36.67000	WGS84	1000	32.87000
7741	36.67000	WGS84	1000	32.87000
7742	36.67000	WGS84	1000	32.87000
7743	36.67000	WGS84	1000	32.87000
7744	36.67000	WGS84	1000	32.87000
7745	36.67000	WGS84	1000	32.87000
7746	36.67000	WGS84	1000	32.87000
7747	36.67000	WGS84	1000	32.87000
7748	36.67000	WGS84	1000	32.87000
7749	36.67000	WGS84	1000	32.87000
7750	37.07000	WGS84	1000	28.80000
7751	36.67000	WGS84	1000	32.87000
7752	36.67000	WGS84	1000	32.87000
7753	36.67000	WGS84	1000	32.87000
7754	36.67000	WGS84	1000	32.87000
7755	36.67000	WGS84	1000	32.87000
7756	36.67000	WGS84	1000	32.87000
7757	36.67000	WGS84	1000	32.87000
7758	36.67000	WGS84	1000	32.87000
7759	37.40400	WGS84	1000	34.55800
7760	37.40400	WGS84	1000	34.55800
7761	37.39700	WGS84	1000	34.58400
7762	37.07000	WGS84	1000	28.80000
7763	37.07000	WGS84	1000	28.80000
7764	37.40400	WGS84	1000	34.55800
7765	37.40400	WGS84	1000	34.55800
7766	37.40400	WGS84	1000	34.55800
7767	37.39700	WGS84	1000	34.58400
7768	37.40400	WGS84	1000	34.55800
7769	37.40400	WGS84	1000	34.55800
7770	37.40400	WGS84	1000	34.55800
7771	37.40400	WGS84	1000	34.55800
7772	37.40400	WGS84	1000	34.55800
7773	37.40400	WGS84	1000	34.55800
7774	37.40400	WGS84	1000	34.55800
7775	37.07000	WGS84	1000	28.80000
7776	37.40400	WGS84	1000	34.55800
7777	37.40400	WGS84	1000	34.55800
7778	37.40400	WGS84	1000	34.55800
7779	37.40400	WGS84	1000	34.55800
7780	37.40400	WGS84	1000	34.55800
7781	37.39700	WGS84	1000	34.58400
7782	37.40400	WGS84	1000	34.55800
7783	37.40400	WGS84	1000	34.55800
7784	37.39700	WGS84	1000	34.58400
7785	37.40400	WGS84	1000	34.55800
7786	37.40400	WGS84	1000	34.55800
7787	37.40400	WGS84	1000	34.55800
7788	37.40400	WGS84	1000	34.55800
7789	37.07000	WGS84	1000	28.80000
7790	37.40400	WGS84	1000	34.55800
7791	37.40400	WGS84	1000	34.55800
7792	37.40400	WGS84	1000	34.55800
7793	37.40400	WGS84	1000	34.55800
7794	37.40400	WGS84	1000	34.55800
7795	37.40400	WGS84	1000	34.55800
7796	37.40400	WGS84	1000	34.55800
7797	37.40400	WGS84	1000	34.55800
7798	37.40400	WGS84	1000	34.55800
7799	37.40400	WGS84	1000	34.55800
7800	37.40400	WGS84	1000	34.55800
7801	37.07000	WGS84	1000	28.80000
7802	37.40400	WGS84	1000	34.55800
7803	37.40400	WGS84	1000	34.55800
7804	37.40400	WGS84	1000	34.55800
7805	37.40400	WGS84	1000	34.55800
7806	37.40400	WGS84	1000	34.55800
7807	37.40400	WGS84	1000	34.55800
7808	37.40400	WGS84	1000	34.55800
7809	37.40000	WGS84	1000	34.57000
7810	37.40000	WGS84	1000	34.57000
7811	37.40000	WGS84	1000	34.57000
7812	37.42000	WGS84	1000	34.56800
7813	37.07000	WGS84	1000	28.80000
7814	37.40000	WGS84	1000	34.57000
7815	37.40000	WGS84	1000	34.57000
7816	37.40000	WGS84	1000	34.57000
7817	37.39700	WGS84	1000	34.58400
7818	37.39700	WGS84	1000	34.58400
7819	37.40400	WGS84	1000	34.55800
7820	37.39700	WGS84	1000	34.58400
7821	37.39700	WGS84	1000	34.58400
7822	37.39700	WGS84	1000	34.58400
7823	37.39700	WGS84	1000	34.58400
7824	37.39700	WGS84	1000	34.58400
7825	37.39700	WGS84	1000	34.58400
7826	37.39700	WGS84	1000	34.58400
7827	37.39700	WGS84	1000	34.58400
7828	37.39700	WGS84	1000	34.58400
7829	37.39700	WGS84	1000	34.58400
7830	37.39700	WGS84	1000	34.58400
7831	37.39700	WGS84	1000	34.58400
7832	37.39700	WGS84	1000	34.58400
7833	37.39700	WGS84	1000	34.58400
7834	37.39700	WGS84	1000	34.58400
7835	37.39700	WGS84	1000	34.58400
7836	37.39700	WGS84	1000	34.58400
7837	37.07000	WGS84	1000	28.80000
7838	37.07000	WGS84	1000	28.80000
7839	37.07000	WGS84	1000	28.80000
7840	37.39700	WGS84	1000	34.58400
7841	37.39700	WGS84	1000	34.58400
7842	37.39700	WGS84	1000	34.58400
7843	37.39700	WGS84	1000	34.58400
7844	37.39700	WGS84	1000	34.58400
7845	37.39700	WGS84	1000	34.58400
7846	37.39700	WGS84	1000	34.58400
7847	37.39700	WGS84	1000	34.58400
7848	37.39700	WGS84	1000	34.58400
7849	37.40400	WGS84	1000	34.55800
7850	37.40400	WGS84	1000	34.55800
7851	37.40400	WGS84	1000	34.55800
7852	37.07000	WGS84	1000	28.80000
7853	37.40400	WGS84	1000	34.55800
7854	37.40400	WGS84	1000	34.55800
7855	37.39700	WGS84	1000	34.58400
7856	37.39700	WGS84	1000	34.58400
7857	37.39700	WGS84	1000	34.58400
7858	37.39700	WGS84	1000	34.58400
7859	37.39700	WGS84	1000	34.58400
7860	37.39700	WGS84	1000	34.58400
7861	37.39700	WGS84	1000	34.58400
7862	37.39700	WGS84	1000	34.58400
7863	37.07000	WGS84	1000	28.80000
7864	37.39700	WGS84	1000	34.58400
7865	37.39700	WGS84	1000	34.58400
7866	37.39700	WGS84	1000	34.58400
7867	37.39700	WGS84	1000	34.58400
7868	37.39700	WGS84	1000	34.58400
7869	37.39700	WGS84	1000	34.58400
7870	37.39700	WGS84	1000	34.58400
7871	37.39700	WGS84	1000	34.58400
7872	37.39700	WGS84	1000	34.58400
7873	37.39700	WGS84	1000	34.58400
7874	37.07000	WGS84	1000	28.80000
7875	37.39700	WGS84	1000	34.58400
7876	37.39700	WGS84	1000	34.58400
7877	37.39700	WGS84	1000	34.58400
7878	37.39700	WGS84	1000	34.58400
7879	37.39700	WGS84	1000	34.58400
7880	37.39700	WGS84	1000	34.58400
7881	37.39700	WGS84	1000	34.58400
7882	37.39700	WGS84	1000	34.58400
7883	37.39700	WGS84	1000	34.58400
7884	37.39700	WGS84	1000	34.58400
7885	37.07000	WGS84	1000	28.80000
7886	37.07000	WGS84	1000	28.80000
7887	37.39700	WGS84	1000	34.58400
7888	37.39700	WGS84	1000	34.58400
7889	37.39700	WGS84	1000	34.58400
7890	37.39700	WGS84	1000	34.58400
7891	37.39700	WGS84	1000	34.58400
7892	37.39700	WGS84	1000	34.58400
7893	37.39700	WGS84	1000	34.58400
7894	37.39700	WGS84	1000	34.58400
7895	37.39700	WGS84	1000	34.58400
7896	37.39700	WGS84	1000	34.58400
7897	37.07000	WGS84	1000	28.80000
7898	37.42000	WGS84	1000	34.56800
7899	37.42000	WGS84	1000	34.56800
7900	37.42000	WGS84	1000	34.56800
7901	37.42000	WGS84	1000	34.56800
7902	37.42000	WGS84	1000	34.56800
7903	37.42000	WGS84	1000	34.56800
7904	37.42000	WGS84	1000	34.56800
7905	37.42000	WGS84	1000	34.56800
7906	37.42000	WGS84	1000	34.56800
7907	37.42000	WGS84	1000	34.56800
7908	37.42000	WGS84	1000	34.56800
7909	37.07000	WGS84	1000	28.80000
7910	37.42000	WGS84	1000	34.56800
7911	37.42000	WGS84	1000	34.56800
7912	37.42000	WGS84	1000	34.56800
7913	37.42000	WGS84	1000	34.56800
7914	37.42000	WGS84	1000	34.56800
7915	37.42000	WGS84	1000	34.56800
7916	37.42000	WGS84	1000	34.56800
7917	37.42000	WGS84	1000	34.56800
7918	37.42000	WGS84	1000	34.56800
7919	37.07000	WGS84	1000	28.80000
7920	37.42000	WGS84	1000	34.56800
7921	37.42000	WGS84	1000	34.56800
7922	37.42000	WGS84	1000	34.56800
7923	37.42000	WGS84	1000	34.56800
7924	37.42000	WGS84	1000	34.56800
7925	37.42000	WGS84	1000	34.56800
7926	37.42000	WGS84	1000	34.56800
7927	37.42000	WGS84	1000	34.56800
7928	37.42000	WGS84	1000	34.56800
7929	37.42000	WGS84	1000	34.56800
7930	37.07000	WGS84	1000	28.80000
7931	37.42000	WGS84	1000	34.56800
7932	37.42000	WGS84	1000	34.56800
7933	37.42000	WGS84	1000	34.56800
7934	37.42000	WGS84	1000	34.56800
7935	37.42000	WGS84	1000	34.56800
7936	37.42000	WGS84	1000	34.56800
7937	37.42000	WGS84	1000	34.56800
7938	37.42000	WGS84	1000	34.56800
7939	37.42000	WGS84	1000	34.56800
7940	37.42000	WGS84	1000	34.56800
7941	37.42000	WGS84	1000	34.56800
7942	37.07000	WGS84	1000	28.80000
7943	37.42000	WGS84	1000	34.56800
7944	37.42000	WGS84	1000	34.56800
7945	37.42000	WGS84	1000	34.56800
7946	37.42000	WGS84	1000	34.56800
7947	37.42000	WGS84	1000	34.56800
7948	37.42000	WGS84	1000	34.56800
7949	37.42000	WGS84	1000	34.56800
7950	37.42000	WGS84	1000	34.56800
7951	37.42000	WGS84	1000	34.56800
7952	37.42000	WGS84	1000	34.56800
7953	37.42000	WGS84	1000	34.56800
7954	37.42000	WGS84	1000	34.56800
7955	37.42000	WGS84	1000	34.56800
7956	37.42000	WGS84	1000	34.56800
7957	37.42000	WGS84	1000	34.56800
7958	37.42000	WGS84	1000	34.56800
7959	37.42000	WGS84	1000	34.56800
7960	37.42000	WGS84	1000	34.56800
7961	37.42000	WGS84	1000	34.56800
7962	37.42000	WGS84	1000	34.56800
7963	37.42000	WGS84	1000	34.56800
7964	37.07000	WGS84	1000	28.80000
7965	37.07000	WGS84	1000	28.80000
7966	37.07000	WGS84	1000	28.80000
7967	37.42000	WGS84	1000	34.56800
7968	37.42000	WGS84	1000	34.56800
7969	37.42000	WGS84	1000	34.56800
7970	37.42000	WGS84	1000	34.56800
7971	37.42000	WGS84	1000	34.56800
7972	37.42000	WGS84	1000	34.56800
7973	37.42000	WGS84	1000	34.56800
7974	37.42000	WGS84	1000	34.56800
7975	37.42000	WGS84	1000	34.56800
7976	37.07000	WGS84	1000	28.80000
7977	37.42000	WGS84	1000	34.56800
7978	37.42000	WGS84	1000	34.56800
7979	37.42000	WGS84	1000	34.56800
7980	37.42000	WGS84	1000	34.56800
7981	37.42000	WGS84	1000	34.56800
7982	37.42000	WGS84	1000	34.56800
7983	37.42000	WGS84	1000	34.56800
7984	37.42000	WGS84	1000	34.56800
7985	37.42000	WGS84	1000	34.56800
7986	37.42000	WGS84	1000	34.56800
7987	37.07000	WGS84	1000	28.80000
7988	37.42000	WGS84	1000	34.56800
7989	37.42000	WGS84	1000	34.56800
7990	37.42000	WGS84	1000	34.56800
7991	37.42000	WGS84	1000	34.56800
7992	37.42000	WGS84	1000	34.56800
7993	37.42000	WGS84	1000	34.56800
7994	37.42000	WGS84	1000	34.56800
7995	37.42000	WGS84	1000	34.56800
7996	37.42000	WGS84	1000	34.56800
7997	37.42000	WGS84	1000	34.56800
7998	37.07000	WGS84	1000	28.80000
7999	37.42000	WGS84	1000	34.56800
8000	37.42000	WGS84	1000	34.56800
8001	37.42000	WGS84	1000	34.56800
8002	37.42000	WGS84	1000	34.56800
8003	37.42000	WGS84	1000	34.56800
8004	37.42000	WGS84	1000	34.56800
8005	37.42000	WGS84	1000	34.56800
8006	37.42000	WGS84	1000	34.56800
8007	37.42000	WGS84	1000	34.56800
8008	37.42000	WGS84	1000	34.56800
8009	37.07000	WGS84	1000	28.80000
8010	37.42000	WGS84	1000	34.56800
8011	37.42000	WGS84	1000	34.56800
8012	37.42000	WGS84	1000	34.56800
8013	37.42000	WGS84	1000	34.56800
8014	37.42000	WGS84	1000	34.56800
8015	37.42000	WGS84	1000	34.56800
8016	37.42000	WGS84	1000	34.56800
8017	37.42000	WGS84	1000	34.56800
8018	37.42000	WGS84	1000	34.56800
8019	37.42000	WGS84	1000	34.56800
8020	37.07000	WGS84	1000	28.80000
8021	37.42000	WGS84	1000	34.56800
8022	37.42000	WGS84	1000	34.56800
8023	37.42000	WGS84	1000	34.56800
8024	37.42000	WGS84	1000	34.56800
8025	37.42000	WGS84	1000	34.56800
8026	37.42000	WGS84	1000	34.56800
8027	37.07000	WGS84	1000	28.80000
8028	37.42000	WGS84	1000	34.56800
8029	37.42000	WGS84	1000	34.56800
8030	37.42000	WGS84	1000	34.56800
8031	37.42000	WGS84	1000	34.56800
8032	37.42000	WGS84	1000	34.56800
